1742482065761 1.0 0
1742482076396 1.0 1
1742482084543 1.0 2
1742482094933 1.0 3
1742482096511 1.0 4
1742482107328 1.0 5
1742482118731 1.0 6
1742482129713 1.0 7
1742482136995 1.0 8
1742482148240 0.99 9
1742482158911 0.99 10
1742482169254 0.99 11
1742482179732 0.99 12
1742482190022 0.99 13
1742482193136 0.99 14
1742482204010 0.99 15
1742482214769 0.99 16
1742482225791 0.99 17
1742482230467 0.99 18
1742482241244 0.9801 19
1742482251959 0.9801 20
1742482262373 0.9801 21
1742482264840 0.9801 22
1742482275763 0.9801 23
1742482279572 0.9801 24
1742482289834 0.9801 25
1742482300125 0.9801 26
1742482310430 0.9801 27
1742482320583 0.9801 28
1742482330822 0.9702989999999999 29
1742482340923 0.9702989999999999 30
1742482351008 0.9702989999999999 31
1742482361534 0.9702989999999999 32
1742482371799 0.9702989999999999 33
1742482382027 0.9702989999999999 34
1742482392185 0.9702989999999999 35
1742482402448 0.9702989999999999 36
1742482413499 0.9702989999999999 37
1742482424382 0.9702989999999999 38
1742482434824 0.96059601 39
1742482445233 0.96059601 40
1742482455528 0.96059601 41
1742482465875 0.96059601 42
1742482476439 0.96059601 43
1742482486608 0.96059601 44
1742482496980 0.96059601 45
1742482507277 0.96059601 46
1742482507940 0.96059601 47
