1742482065761 14.61595344543457 0
1742482076396 24.63248062133789 1
1742482084543 9.83513355255127 2
1742482094933 -24.721487045288086 3
1742482096511 11.466233253479004 4
1742482107328 -1.633540153503418 5
1742482118731 0.6020269393920898 6
1742482129713 30.081554412841797 7
1742482136995 7.947002410888672 8
1742482148240 9.00472640991211 9
1742482158911 49.21991729736328 10
1742482169254 -8.157732009887695 11
1742482179732 17.471555709838867 12
1742482190022 8.697021484375 13
1742482193136 3.118755340576172 14
1742482204010 5.981622695922852 15
1742482214769 7.950743198394775 16
1742482225791 -14.459776878356934 17
1742482230467 -28.144962310791016 18
1742482241244 16.145458221435547 19
1742482251959 -18.44658660888672 20
1742482262373 27.433818817138672 21
1742482264840 8.154057502746582 22
1742482275763 13.511754989624023 23
1742482279572 9.5284423828125 24
1742482289834 -7.742474555969238 25
1742482300125 -0.20930099487304688 26
1742482310430 9.90632438659668 27
1742482320583 18.27896499633789 28
1742482330822 -7.827366828918457 29
1742482340923 -1.8247900009155273 30
1742482351008 -16.337594985961914 31
1742482361534 -1.7236833572387695 32
1742482371799 17.759475708007812 33
1742482382027 -2.8374876976013184 34
1742482392185 20.455347061157227 35
1742482402448 -6.549090385437012 36
1742482413499 -15.489527702331543 37
1742482424382 5.549215316772461 38
1742482434824 -24.513233184814453 39
1742482445233 -28.21074867248535 40
1742482455528 -22.416179656982422 41
1742482465875 -19.572580337524414 42
1742482476439 4.083196640014648 43
1742482486608 -27.729259490966797 44
1742482496980 -4.995966911315918 45
1742482507277 -20.86452293395996 46
1742482507940 nan 47
