1742482065761 -0.1407530996667967 0
1742482076396 -0.1815069990759441 1
1742482084543 -0.10025735368039054 2
1742482094933 -0.2104191264887808 3
1742482096511 0.2439210905898898 4
1742482107328 -0.19635977168807328 5
1742482118731 -0.2039849250031633 6
1742482129713 -0.21069395847493322 7
1742482136995 -0.21325222191677662 8
1742482148240 -0.19295739798565403 9
1742482158911 -0.1774535033752442 10
1742482169254 -0.1794117847671231 11
1742482179732 -0.25828710276366823 12
1742482190022 -0.200928217977732 13
1742482193136 -0.1931246560544361 14
1742482204010 -0.19694467117239745 15
1742482214769 -0.1766247100491668 16
1742482225791 -0.1614725511997385 17
1742482230467 -0.19736301518923324 18
1742482241244 -0.16245949729867648 19
1742482251959 -0.18960331187703408 20
1742482262373 -0.20022112977829168 21
1742482264840 0.09462458802721577 22
1742482275763 -0.1627473917036304 23
1742482279572 0.010897710195648981 24
1742482289834 -0.17547675426342288 25
1742482300125 -0.23568412058459964 26
1742482310430 -0.16897934641224513 27
1742482320583 -0.2127269624888547 28
1742482330822 -0.14695952654063055 29
1742482340923 -0.21651148740654486 30
1742482351008 -0.17003269090837023 31
1742482361534 -0.17528133756793388 32
1742482371799 -0.165718394781888 33
1742482382027 -0.20630868455521637 34
1742482392185 -0.2215419402331219 35
1742482402448 -0.19269713274078137 36
1742482413499 -0.22321031749698725 37
1742482424382 -0.23390612636609054 38
1742482434824 -0.1727605902201402 39
1742482445233 -0.15273249993460203 40
1742482455528 -0.19411681927688546 41
1742482465875 -0.19218668915757642 42
1742482476439 -0.1848047257408292 43
1742482486608 -0.26728035264971073 44
1742482496980 -0.13772135244361206 45
1742482507277 -0.23195870217866016 46
1742482507940 9.859708732139904 47
