1742482065761 -16.18660646168162 0
1742482076396 -54.452099722783224 1
1742482084543 -22.35738987072709 2
1742482094933 -63.125737946634246 3
1742482096511 6.585869445927025 4
1742482107328 -58.90793150642198 5
1742482118731 -61.19547750094899 6
1742482129713 -63.20818754247996 7
1742482136995 -33.693851062850705 8
1742482148240 -57.88721939569621 9
1742482158911 -53.23605101257326 10
1742482169254 -53.823535430136936 11
1742482179732 -77.48613082910047 12
1742482190022 -60.2784653933196 13
1742482193136 -7.91811089823188 14
1742482204010 -59.08340135171923 15
1742482214769 -52.98741301475004 16
1742482225791 -48.44176535992155 17
1742482230467 -19.736301518923323 18
1742482241244 -48.73784918960294 19
1742482251959 -56.88099356311022 20
1742482262373 -60.06633893348751 21
1742482264840 4.92047857741522 22
1742482275763 -48.82421751108912 23
1742482279572 1.0679755991736002 24
1742482289834 -52.64302627902686 25
1742482300125 -70.7052361753799 26
1742482310430 -50.693803923673535 27
1742482320583 -63.81808874665641 28
1742482330822 -44.08785796218916 29
1742482340923 -64.95344622196346 30
1742482351008 -51.00980727251107 31
1742482361534 -52.58440127038016 32
1742482371799 -49.7155184345664 33
1742482382027 -61.89260536656491 34
1742482392185 -66.46258206993657 35
1742482402448 -57.809139822234414 36
1742482413499 -66.96309524909617 37
1742482424382 -70.17183790982716 38
1742482434824 -51.82817706604206 39
1742482445233 -45.81974998038061 40
1742482455528 -58.23504578306564 41
1742482465875 -57.656006747272926 42
1742482476439 -55.44141772224876 43
1742482486608 -80.18410579491322 44
1742482496980 -41.31640573308361 45
1742482507277 -69.58761065359805 46
1742482507940 9.859708732139904 47
