1742555776100 300.0 0
1742555840502 300.0 1
1742555905072 300.0 2
1742555969764 300.0 3
1742556037052 300.0 4
1742556105417 300.0 5
1742556171961 300.0 6
1742556237636 300.0 7
1742556305104 300.0 8
1742556370752 300.0 9
1742556435442 300.0 10
1742556500104 300.0 11
1742556526664 105.0 12
1742556590935 300.0 13
1742556654910 300.0 14
1742556658298 7.0 15
1742556721599 300.0 16
1742556784768 300.0 17
1742556848963 300.0 18
1742556915470 300.0 19
1742556980025 300.0 20
1742557047127 300.0 21
1742557113367 300.0 22
1742557177121 300.0 23
1742557244699 300.0 24
1742557308190 300.0 25
1742557374900 300.0 26
1742557440255 300.0 27
1742557504193 300.0 28
1742557568936 300.0 29
1742557633205 300.0 30
1742557673325 187.0 31
1742557739272 300.0 32
1742557803927 300.0 33
1742557867836 300.0 34
1742557932598 300.0 35
1742557995731 300.0 36
1742558058057 300.0 37
1742558120183 300.0 38
1742558184664 300.0 39
1742558250355 300.0 40
1742558313592 300.0 41
1742558377100 300.0 42
1742558440411 300.0 43
1742558505236 300.0 44
1742558571175 300.0 45
1742558635140 300.0 46
1742558701084 300.0 47
1742558751050 224.0 48
1742558813934 300.0 49
1742558816157 1.0 50
1742558880641 300.0 51
1742558941178 279.0 52
1742559003574 300.0 53
1742559067814 300.0 54
1742559131808 300.0 55
1742559199356 300.0 56
1742559261414 300.0 57
1742559324001 300.0 58
1742559386251 300.0 59
1742559448291 300.0 60
1742559514701 300.0 61
1742559576947 300.0 62
1742559638840 300.0 63
1742559699423 300.0 64
1742559760047 300.0 65
1742559827449 300.0 66
1742559886013 300.0 67
