1742555776100 0.98 0
1742555840502 0.9603999999999999 1
1742555905072 0.9411919999999999 2
1742555969764 0.9223681599999999 3
1742556037052 0.9039207967999998 4
1742556105417 0.8858423808639998 5
1742556171961 0.8681255332467198 6
1742556237636 0.8507630225817854 7
1742556305104 0.8337477621301497 8
1742556370752 0.8170728068875467 9
1742556435442 0.8007313507497957 10
1742556500104 0.7847167237347998 11
1742556526664 0.7690223892601038 12
1742556590935 0.7536419414749017 13
1742556654910 0.7385691026454037 14
1742556658298 0.7237977205924956 15
1742556721599 0.7093217661806457 16
1742556784768 0.6951353308570327 17
1742556848963 0.6812326242398921 18
1742556915470 0.6676079717550942 19
1742556980025 0.6542558123199923 20
1742557047127 0.6411706960735924 21
1742557113367 0.6283472821521205 22
1742557177121 0.6157803365090782 23
1742557244699 0.6034647297788965 24
1742557308190 0.5913954351833186 25
1742557374900 0.5795675264796523 26
1742557440255 0.5679761759500592 27
1742557504193 0.5566166524310581 28
1742557568936 0.5454843193824369 29
1742557633205 0.5345746329947881 30
1742557673325 0.5238831403348924 31
1742557739272 0.5134054775281945 32
1742557803927 0.5031373679776306 33
1742557867836 0.493074620618078 34
1742557932598 0.48321312820571644 35
1742557995731 0.4735488656416021 36
1742558058057 0.46407788832877006 37
1742558120183 0.45479633056219465 38
1742558184664 0.44570040395095073 39
1742558250355 0.4367863958719317 40
1742558313592 0.42805066795449304 41
1742558377100 0.41948965459540316 42
1742558440411 0.4110998615034951 43
1742558505236 0.4028778642734252 44
1742558571175 0.39482030698795667 45
1742558635140 0.38692390084819756 46
1742558701084 0.3791854228312336 47
1742558751050 0.37160171437460887 48
1742558813934 0.3641696800871167 49
1742558816157 0.35688628648537435 50
1742558880641 0.34974856075566685 51
1742558941178 0.3427535895405535 52
1742559003574 0.33589851774974244 53
1742559067814 0.3291805473947476 54
1742559131808 0.32259693644685267 55
1742559199356 0.3161449977179156 56
1742559261414 0.3098220977635573 57
1742559324001 0.30362565580828615 58
1742559386251 0.2975531426921204 59
1742559448291 0.291602079838278 60
1742559514701 0.2857700382415124 61
1742559576947 0.2800546374766822 62
1742559638840 0.27445354472714856 63
1742559699423 0.2689644738326056 64
1742559760047 0.26358518435595346 65
1742559827449 0.25831348066883436 66
1742559886013 0.2531472110554577 67
