1742555776100 -69.49601745605469 0
1742555840502 51.783267974853516 1
1742555905072 6.648924350738525 2
1742555969764 -5.573134422302246 3
1742556037052 -61.349117279052734 4
1742556105417 8.19367790222168 5
1742556171961 -21.127321243286133 6
1742556237636 -32.82040023803711 7
1742556305104 -9.64449691772461 8
1742556370752 -28.799081802368164 9
1742556435442 -47.123451232910156 10
1742556500104 46.511314392089844 11
1742556526664 11.088022232055664 12
1742556590935 -20.20610809326172 13
1742556654910 37.2598762512207 14
1742556658298 4.075164318084717 15
1742556721599 -0.9718502759933472 16
1742556784768 14.496845245361328 17
1742556848963 -47.38703155517578 18
1742556915470 -1.9233847856521606 19
1742556980025 -1.0775153636932373 20
1742557047127 -11.352978706359863 21
1742557113367 -13.376858711242676 22
1742557177121 47.69356155395508 23
1742557244699 -40.441917419433594 24
1742557308190 4.559360980987549 25
1742557374900 -3.40506911277771 26
1742557440255 28.115121841430664 27
1742557504193 -14.107759475708008 28
1742557568936 6.533461093902588 29
1742557633205 -2.283491373062134 30
1742557673325 5.5436110496521 31
1742557739272 -12.180877685546875 32
1742557803927 17.413766860961914 33
1742557867836 32.327880859375 34
1742557932598 -9.461254119873047 35
1742557995731 26.4247989654541 36
1742558058057 -2.0386788845062256 37
1742558120183 -2.061612844467163 38
1742558184664 -23.542098999023438 39
1742558250355 -41.399810791015625 40
1742558313592 9.216414451599121 41
1742558377100 1.4525686502456665 42
1742558440411 -6.224123954772949 43
1742558505236 15.58986759185791 44
1742558571175 6.8125410079956055 45
1742558635140 -10.179614067077637 46
1742558701084 9.93896770477295 47
1742558751050 4.916468143463135 48
1742558813934 11.554466247558594 49
1742558816157 58.85741424560547 50
1742558880641 3.500993251800537 51
1742558941178 7.409008026123047 52
1742559003574 -23.423524856567383 53
1742559067814 -35.73493957519531 54
1742559131808 -4.909814357757568 55
1742559199356 -20.797975540161133 56
1742559261414 -9.684269905090332 57
1742559324001 -1.2814267873764038 58
1742559386251 -38.30236053466797 59
1742559448291 -0.37819406390190125 60
1742559514701 -17.003509521484375 61
1742559576947 3.2518458366394043 62
1742559638840 -14.76064395904541 63
1742559699423 0.3297443091869354 64
1742559760047 19.243610382080078 65
1742559827449 -0.9908974766731262 66
1742559886013 25.075782775878906 67
