1742555776100 0.21235922114394012 0
1742555840502 0.29079294592296917 1
1742555905072 0.20459471100494472 2
1742555969764 0.4571326765882054 3
1742556037052 0.24790306679685642 4
1742556105417 0.6603510726432817 5
1742556171961 0.4847830642471205 6
1742556237636 0.3853235849896067 7
1742556305104 0.3583204379815247 8
1742556370752 0.39053008184286164 9
1742556435442 0.19176327069702714 10
1742556500104 0.3615820285858064 11
1742556526664 0.3131400674562365 12
1742556590935 0.4414122169140784 13
1742556654910 0.6517625340475561 14
1742556658298 4.3827976727488895 15
1742556721599 0.21747320894857694 16
1742556784768 0.3191805926371082 17
1742556848963 0.31537379420074285 18
1742556915470 0.2104337861035752 19
1742556980025 0.24708612758568047 20
1742557047127 0.764934214875855 21
1742557113367 0.588251124894121 22
1742557177121 0.1661403312364947 23
1742557244699 0.17671712339299714 24
1742557308190 0.8057296558533968 25
1742557374900 0.2712082968818778 26
1742557440255 0.1022201580187128 27
1742557504193 0.29293205640307446 28
1742557568936 0.38537965107868677 29
1742557633205 0.19925093052491877 30
1742557673325 1.071728789866077 31
1742557739272 0.4243363503074091 32
1742557803927 0.11387411044946229 33
1742557867836 0.3161187138682858 34
1742557932598 0.08159257962198083 35
1742557995731 0.3054364685093863 36
1742558058057 0.39336478856511903 37
1742558120183 0.33234491765239954 38
1742558184664 0.5775877442133691 39
1742558250355 0.29936228087116157 40
1742558313592 0.6330600678942986 41
1742558377100 0.6429896198340352 42
1742558440411 0.5627989750771095 43
1742558505236 0.6992610345692651 44
1742558571175 0.3649972741010162 45
1742558635140 0.3508626945439913 46
1742558701084 0.3435730165581216 47
1742558751050 0.27810735110694446 48
1742558813934 0.23713689505596364 49
1742558816157 19.547119071135896 50
1742558880641 0.3453736174691754 51
1742558941178 1.0815072869579356 52
1742559003574 0.28330361857784836 53
1742559067814 0.09880249304773833 54
1742559131808 0.2622833918398054 55
1742559199356 0.16547412600583739 56
1742559261414 0.34910440335468845 57
1742559324001 0.3650204706326907 58
1742559386251 0.03933718541173243 59
1742559448291 0.255609562912464 60
1742559514701 0.35108581014750195 61
1742559576947 0.48432939447553064 62
1742559638840 0.06793193375288678 63
1742559699423 0.4093360705025284 64
1742559760047 0.06266946818292736 65
1742559827449 0.4843420608438744 66
1742559886013 0.5599841566544372 67
