1742555776100 0.0 0
1742555840502 0.0 1
1742555905072 0.0 2
1742555969764 0.0 3
1742556037052 0.0 4
1742556105417 0.0 5
1742556171961 0.0 6
1742556237636 0.0 7
1742556305104 0.0 8
1742556370752 0.0 9
1742556435442 0.0 10
1742556500104 0.0 11
1742556526664 0.0 12
1742556590935 0.0 13
1742556654910 0.0 14
1742556658298 0.0625 15
1742556721599 0.058823529411764705 16
1742556784768 0.05555555555555555 17
1742556848963 0.05263157894736842 18
1742556915470 0.05 19
1742556980025 0.047619047619047616 20
1742557047127 0.045454545454545456 21
1742557113367 0.043478260869565216 22
1742557177121 0.041666666666666664 23
1742557244699 0.04 24
1742557308190 0.038461538461538464 25
1742557374900 0.037037037037037035 26
1742557440255 0.03571428571428571 27
1742557504193 0.034482758620689655 28
1742557568936 0.03333333333333333 29
1742557633205 0.03225806451612903 30
1742557673325 0.0625 31
1742557739272 0.06060606060606061 32
1742557803927 0.058823529411764705 33
1742557867836 0.05714285714285714 34
1742557932598 0.05555555555555555 35
1742557995731 0.05405405405405406 36
1742558058057 0.05263157894736842 37
1742558120183 0.05128205128205128 38
1742558184664 0.05 39
1742558250355 0.04878048780487805 40
1742558313592 0.047619047619047616 41
1742558377100 0.046511627906976744 42
1742558440411 0.045454545454545456 43
1742558505236 0.044444444444444446 44
1742558571175 0.043478260869565216 45
1742558635140 0.0425531914893617 46
1742558701084 0.041666666666666664 47
1742558751050 0.04081632653061224 48
1742558813934 0.04 49
1742558816157 0.058823529411764705 50
1742558880641 0.057692307692307696 51
1742558941178 0.07547169811320754 52
1742559003574 0.07407407407407407 53
1742559067814 0.07272727272727272 54
1742559131808 0.07142857142857142 55
1742559199356 0.07017543859649122 56
1742559261414 0.06896551724137931 57
1742559324001 0.06779661016949153 58
1742559386251 0.06666666666666667 59
1742559448291 0.06557377049180328 60
1742559514701 0.06451612903225806 61
1742559576947 0.06349206349206349 62
1742559638840 0.0625 63
1742559699423 0.06153846153846154 64
1742559760047 0.06060606060606061 65
1742559827449 0.05970149253731343 66
1742559886013 0.058823529411764705 67
