1742555776100 63.70776634318204 0
1742555840502 87.23788377689075 1
1742555905072 61.37841330148342 2
1742555969764 137.13980297646162 3
1742556037052 74.37092003905693 4
1742556105417 198.1053217929845 5
1742556171961 145.43491927413615 6
1742556237636 115.59707549688201 7
1742556305104 107.49613139445741 8
1742556370752 117.1590245528585 9
1742556435442 57.528981209108146 10
1742556500104 108.47460857574193 11
1742556526664 32.87970708290484 12
1742556590935 132.42366507422352 13
1742556654910 195.52876021426684 14
1742556658298 30.679583709242227 15
1742556721599 65.24196268457308 16
1742556784768 95.75417779113245 17
1742556848963 94.61213826022286 18
1742556915470 63.13013583107256 19
1742556980025 74.12583827570414 20
1742557047127 229.4802644627565 21
1742557113367 176.47533746823632 22
1742557177121 49.842099370948404 23
1742557244699 53.01513701789914 24
1742557308190 241.71889675601906 25
1742557374900 81.36248906456333 26
1742557440255 30.66604740561384 27
1742557504193 87.87961692092235 28
1742557568936 115.61389532360603 29
1742557633205 59.77527915747563 30
1742557673325 200.4132837049564 31
1742557739272 127.30090509222273 32
1742557803927 34.16223313483869 33
1742557867836 94.83561416048575 34
1742557932598 24.477773886594246 35
1742557995731 91.6309405528159 36
1742558058057 118.00943656953571 37
1742558120183 99.70347529571985 38
1742558184664 173.27632326401073 39
1742558250355 89.80868426134847 40
1742558313592 189.91802036828958 41
1742558377100 192.89688595021056 42
1742558440411 168.83969252313284 43
1742558505236 209.77831037077954 44
1742558571175 109.49918223030485 45
1742558635140 105.2588083631974 46
1742558701084 103.07190496743648 47
1742558751050 62.296046647955556 48
1742558813934 71.14106851678909 49
1742558816157 19.547119071135896 50
1742558880641 103.61208524075262 51
1742558941178 301.74053306126405 52
1742559003574 84.99108557335451 53
1742559067814 29.6407479143215 54
1742559131808 78.68501755194163 55
1742559199356 49.642237801751214 56
1742559261414 104.73132100640653 57
1742559324001 109.50614118980722 58
1742559386251 11.801155623519728 59
1742559448291 76.6828688737392 60
1742559514701 105.32574304425059 61
1742559576947 145.2988183426592 62
1742559638840 20.379580125866035 63
1742559699423 122.80082115075852 64
1742559760047 18.80084045487821 65
1742559827449 145.3026182531623 66
1742559886013 167.99524699633116 67
