1742555521901 300.0 0
1742555572075 300.0 1
1742555575842 1.0 2
1742555630607 300.0 3
1742555685555 300.0 4
1742555723049 171.0 5
1742555725131 1.0 6
1742555782706 300.0 7
1742555848024 300.0 8
1742555911597 300.0 9
1742555976964 300.0 10
1742555997961 74.0 11
1742556065117 300.0 12
1742556132936 300.0 13
1742556198181 300.0 14
1742556263885 300.0 15
1742556266060 1.0 16
1742556268722 3.0 17
1742556335896 300.0 18
1742556400405 300.0 19
1742556465250 300.0 20
1742556530277 300.0 21
1742556595812 300.0 22
1742556659004 300.0 23
1742556723240 300.0 24
1742556786411 300.0 25
1742556851082 300.0 26
1742556918103 300.0 27
1742556982389 300.0 28
1742557050284 300.0 29
1742557116019 300.0 30
1742557118366 1.0 31
1742557184222 300.0 32
1742557250584 300.0 33
1742557315517 300.0 34
1742557381751 300.0 35
1742557446735 300.0 36
1742557512087 300.0 37
1742557577347 300.0 38
1742557640583 300.0 39
1742557704994 300.0 40
1742557771774 300.0 41
1742557836525 300.0 42
1742557870057 140.0 43
1742557935112 300.0 44
1742557998836 300.0 45
1742558061154 300.0 46
1742558123442 300.0 47
1742558159865 158.0 48
1742558226502 300.0 49
1742558290626 300.0 50
1742558354861 300.0 51
1742558418389 300.0 52
1742558482189 300.0 53
1742558546999 300.0 54
1742558611430 300.0 55
1742558613625 1.0 56
1742558679739 300.0 57
1742558682053 1.0 58
1742558746489 300.0 59
1742558809444 300.0 60
1742558872915 300.0 61
1742558938239 300.0 62
1742559001639 300.0 63
1742559066754 300.0 64
1742559130317 300.0 65
1742559132532 1.0 66
1742559198795 300.0 67
1742559260393 300.0 68
1742559322707 300.0 69
1742559385780 300.0 70
1742559387939 1.0 71
1742559452247 300.0 72
1742559518150 300.0 73
1742559580862 300.0 74
1742559643765 300.0 75
1742559704606 300.0 76
1742559764364 300.0 77
1742559831230 300.0 78
1742559888805 300.0 79
