1742555521901 0.98 0
1742555572075 0.9603999999999999 1
1742555575842 0.9411919999999999 2
1742555630607 0.9223681599999999 3
1742555685555 0.9039207967999998 4
1742555723049 0.8858423808639998 5
1742555725131 0.8681255332467198 6
1742555782706 0.8507630225817854 7
1742555848024 0.8337477621301497 8
1742555911597 0.8170728068875467 9
1742555976964 0.8007313507497957 10
1742555997961 0.7847167237347998 11
1742556065117 0.7690223892601038 12
1742556132936 0.7536419414749017 13
1742556198181 0.7385691026454037 14
1742556263885 0.7237977205924956 15
1742556266060 0.7093217661806457 16
1742556268722 0.6951353308570327 17
1742556335896 0.6812326242398921 18
1742556400405 0.6676079717550942 19
1742556465250 0.6542558123199923 20
1742556530277 0.6411706960735924 21
1742556595812 0.6283472821521205 22
1742556659004 0.6157803365090782 23
1742556723240 0.6034647297788965 24
1742556786411 0.5913954351833186 25
1742556851082 0.5795675264796523 26
1742556918103 0.5679761759500592 27
1742556982389 0.5566166524310581 28
1742557050284 0.5454843193824369 29
1742557116019 0.5345746329947881 30
1742557118366 0.5238831403348924 31
1742557184222 0.5134054775281945 32
1742557250584 0.5031373679776306 33
1742557315517 0.493074620618078 34
1742557381751 0.48321312820571644 35
1742557446735 0.4735488656416021 36
1742557512087 0.46407788832877006 37
1742557577347 0.45479633056219465 38
1742557640583 0.44570040395095073 39
1742557704994 0.4367863958719317 40
1742557771774 0.42805066795449304 41
1742557836525 0.41948965459540316 42
1742557870057 0.4110998615034951 43
1742557935112 0.4028778642734252 44
1742557998836 0.39482030698795667 45
1742558061154 0.38692390084819756 46
1742558123442 0.3791854228312336 47
1742558159865 0.37160171437460887 48
1742558226502 0.3641696800871167 49
1742558290626 0.35688628648537435 50
1742558354861 0.34974856075566685 51
1742558418389 0.3427535895405535 52
1742558482189 0.33589851774974244 53
1742558546999 0.3291805473947476 54
1742558611430 0.32259693644685267 55
1742558613625 0.3161449977179156 56
1742558679739 0.3098220977635573 57
1742558682053 0.30362565580828615 58
1742558746489 0.2975531426921204 59
1742558809444 0.291602079838278 60
1742558872915 0.2857700382415124 61
1742558938239 0.2800546374766822 62
1742559001639 0.27445354472714856 63
1742559066754 0.2689644738326056 64
1742559130317 0.26358518435595346 65
1742559132532 0.25831348066883436 66
1742559198795 0.2531472110554577 67
1742559260393 0.24808426683434853 68
1742559322707 0.24312258149766156 69
1742559385780 0.2382601298677083 70
1742559387939 0.23349492727035415 71
1742559452247 0.22882502872494706 72
1742559518150 0.22424852815044813 73
1742559580862 0.21976355758743915 74
1742559643765 0.21536828643569036 75
1742559704606 0.21106092070697655 76
1742559764364 0.20683970229283702 77
1742559831230 0.20270290824698028 78
1742559888805 0.19864885008204067 79
