1742555521901 14.635430335998535 0
1742555572075 27.24873924255371 1
1742555575842 76.56434631347656 2
1742555630607 -9.917679786682129 3
1742555685555 -38.719825744628906 4
1742555723049 23.474151611328125 5
1742555725131 66.61384582519531 6
1742555782706 16.966848373413086 7
1742555848024 -9.231368064880371 8
1742555911597 -70.04075622558594 9
1742555976964 31.086986541748047 10
1742555997961 23.04202651977539 11
1742556065117 1.5230332612991333 12
1742556132936 -50.06629180908203 13
1742556198181 34.2665901184082 14
1742556263885 -13.003228187561035 15
1742556266060 57.22405242919922 16
1742556268722 2.3605175018310547 17
1742556335896 18.863924026489258 18
1742556400405 -42.86522674560547 19
1742556465250 10.66593074798584 20
1742556530277 7.009281635284424 21
1742556595812 11.49738597869873 22
1742556659004 37.84071731567383 23
1742556723240 -16.211183547973633 24
1742556786411 5.765007495880127 25
1742556851082 -10.780097007751465 26
1742556918103 4.267010688781738 27
1742556982389 4.0189948081970215 28
1742557050284 0.9243423938751221 29
1742557116019 -17.74247932434082 30
1742557118366 40.498779296875 31
1742557184222 -20.48277473449707 32
1742557250584 3.731062412261963 33
1742557315517 19.598657608032227 34
1742557381751 4.401265621185303 35
1742557446735 -36.54195022583008 36
1742557512087 -27.356037139892578 37
1742557577347 -26.692716598510742 38
1742557640583 -4.7906270027160645 39
1742557704994 -17.4832820892334 40
1742557771774 -20.047391891479492 41
1742557836525 -24.763818740844727 42
1742557870057 2.45194673538208 43
1742557935112 13.845024108886719 44
1742557998836 23.334640502929688 45
1742558061154 0.5720222592353821 46
1742558123442 15.55079460144043 47
1742558159865 1.8790030479431152 48
1742558226502 21.314664840698242 49
1742558290626 -3.221435308456421 50
1742558354861 -16.91739273071289 51
1742558418389 -17.286338806152344 52
1742558482189 3.337484359741211 53
1742558546999 8.792130470275879 54
1742558611430 -21.21996307373047 55
1742558613625 28.83896255493164 56
1742558679739 30.09670066833496 57
1742558682053 36.48135757446289 58
1742558746489 -11.727336883544922 59
1742558809444 -20.266340255737305 60
1742558872915 5.372349262237549 61
1742558938239 -32.79511260986328 62
1742559001639 10.888385772705078 63
1742559066754 7.807314872741699 64
1742559130317 15.964420318603516 65
1742559132532 29.407978057861328 66
1742559198795 -10.988970756530762 67
1742559260393 -23.677871704101562 68
1742559322707 6.692758083343506 69
1742559385780 -5.062463760375977 70
1742559387939 18.829204559326172 71
1742559452247 -15.10726261138916 72
1742559518150 -5.944502830505371 73
1742559580862 18.47344398498535 74
1742559643765 -0.7111000418663025 75
1742559704606 -23.794326782226562 76
1742559764364 7.807672500610352 77
1742559831230 -8.001498222351074 78
1742559888805 -7.770487308502197 79
