1742555521901 0.5026025322920986 0
1742555572075 0.4437539038778033 1
1742555575842 21.641082076056097 2
1742555630607 0.24215931711162 3
1742555685555 0.11576867148110971 4
1742555723049 0.2370566664954353 5
1742555725131 21.62275701777193 6
1742555782706 0.10291254716326872 7
1742555848024 0.19432779714778556 8
1742555911597 0.5268906967661453 9
1742555976964 0.31213380752235076 10
1742555997961 0.4287404967778782 11
1742556065117 0.3249310842831923 12
1742556132936 0.14891610038072323 13
1742556198181 0.23130649985755117 14
1742556263885 0.2668159424193743 15
1742556266060 21.489718740618926 16
1742556268722 9.162190077351609 17
1742556335896 0.39281679846273426 18
1742556400405 0.6788841239265512 19
1742556465250 0.1856517112627804 20
1742556530277 0.5358193467856852 21
1742556595812 0.23446350480038863 22
1742556659004 0.21272533747902517 23
1742556723240 0.1389213099960649 24
1742556786411 0.3303663414195118 25
1742556851082 0.27969180098246976 26
1742556918103 0.2891339231007804 27
1742556982389 0.19704472081690005 28
1742557050284 0.4648016202577562 29
1742557116019 0.2741521447094852 30
1742557118366 21.11074148928407 31
1742557184222 0.18201760535200925 32
1742557250584 0.25291927062129566 33
1742557315517 0.33861978368572665 34
1742557381751 0.3533412430975784 35
1742557446735 0.8724375770632453 36
1742557512087 0.979998855793734 37
1742557577347 0.6449318120746512 38
1742557640583 0.23672284288523646 39
1742557704994 0.7417339733482676 40
1742557771774 0.17969235513330992 41
1742557836525 0.372992285887199 42
1742557870057 0.2686988146141212 43
1742557935112 0.40975485254783583 44
1742557998836 0.32596491298811087 45
1742558061154 0.6853243263260499 46
1742558123442 0.23408088677955916 47
1742558159865 0.3687365831092223 48
1742558226502 0.5821474030845223 49
1742558290626 0.3637035404961375 50
1742558354861 0.23979996437924253 51
1742558418389 0.22860076906095353 52
1742558482189 0.36374555269525605 53
1742558546999 0.5609223634025188 54
1742558611430 0.20543707628864313 55
1742558613625 21.452274163150733 56
1742558679739 0.3731670316270924 57
1742558682053 22.0529886810758 58
1742558746489 0.11507027022232956 59
1742558809444 1.0373999099538251 60
1742558872915 0.6309837879794239 61
1742558938239 0.17993802132537703 62
1742559001639 0.7555772604821694 63
1742559066754 0.8400530162231207 64
1742559130317 0.7897328667339885 65
1742559132532 21.464938192331573 66
1742559198795 0.8198278727141219 67
1742559260393 0.47968253844607983 68
1742559322707 0.6239647537931728 69
1742559385780 0.16327203674080648 70
1742559387939 22.07782851355241 71
1742559452247 0.4568082507740518 72
1742559518150 0.4030403529322357 73
1742559580862 0.2591935438119963 74
1742559643765 0.11813387823973151 75
1742559704606 0.4728350496785446 76
1742559764364 0.36096864984260707 77
1742559831230 0.5354778983995491 78
1742559888805 0.09796947127223024 79
