1742555521901 0.0 0
1742555572075 0.0 1
1742555575842 0.3333333333333333 2
1742555630607 0.25 3
1742555685555 0.2 4
1742555723049 0.16666666666666666 5
1742555725131 0.2857142857142857 6
1742555782706 0.25 7
1742555848024 0.2222222222222222 8
1742555911597 0.2 9
1742555976964 0.18181818181818182 10
1742555997961 0.16666666666666666 11
1742556065117 0.15384615384615385 12
1742556132936 0.14285714285714285 13
1742556198181 0.13333333333333333 14
1742556263885 0.125 15
1742556266060 0.17647058823529413 16
1742556268722 0.2222222222222222 17
1742556335896 0.21052631578947367 18
1742556400405 0.2 19
1742556465250 0.19047619047619047 20
1742556530277 0.18181818181818182 21
1742556595812 0.17391304347826086 22
1742556659004 0.16666666666666666 23
1742556723240 0.16 24
1742556786411 0.15384615384615385 25
1742556851082 0.14814814814814814 26
1742556918103 0.14285714285714285 27
1742556982389 0.13793103448275862 28
1742557050284 0.13333333333333333 29
1742557116019 0.12903225806451613 30
1742557118366 0.15625 31
1742557184222 0.15151515151515152 32
1742557250584 0.14705882352941177 33
1742557315517 0.14285714285714285 34
1742557381751 0.1388888888888889 35
1742557446735 0.13513513513513514 36
1742557512087 0.13157894736842105 37
1742557577347 0.1282051282051282 38
1742557640583 0.125 39
1742557704994 0.12195121951219512 40
1742557771774 0.11904761904761904 41
1742557836525 0.11627906976744186 42
1742557870057 0.11363636363636363 43
1742557935112 0.1111111111111111 44
1742557998836 0.10869565217391304 45
1742558061154 0.10638297872340426 46
1742558123442 0.10416666666666667 47
1742558159865 0.10204081632653061 48
1742558226502 0.1 49
1742558290626 0.09803921568627451 50
1742558354861 0.09615384615384616 51
1742558418389 0.09433962264150944 52
1742558482189 0.09259259259259259 53
1742558546999 0.09090909090909091 54
1742558611430 0.08928571428571429 55
1742558613625 0.10526315789473684 56
1742558679739 0.10344827586206896 57
1742558682053 0.11864406779661017 58
1742558746489 0.11666666666666667 59
1742558809444 0.11475409836065574 60
1742558872915 0.11290322580645161 61
1742558938239 0.1111111111111111 62
1742559001639 0.109375 63
1742559066754 0.1076923076923077 64
1742559130317 0.10606060606060606 65
1742559132532 0.11940298507462686 66
1742559198795 0.11764705882352941 67
1742559260393 0.11594202898550725 68
1742559322707 0.11428571428571428 69
1742559385780 0.11267605633802817 70
1742559387939 0.125 71
1742559452247 0.1232876712328767 72
1742559518150 0.12162162162162163 73
1742559580862 0.12 74
1742559643765 0.11842105263157894 75
1742559704606 0.11688311688311688 76
1742559764364 0.11538461538461539 77
1742559831230 0.11392405063291139 78
1742559888805 0.1125 79
