1742555521901 150.7807596876296 0
1742555572075 133.12617116334098 1
1742555575842 21.641082076056097 2
1742555630607 72.647795133486 3
1742555685555 34.73060144433291 4
1742555723049 40.536689970719436 5
1742555725131 21.62275701777193 6
1742555782706 30.873764148980616 7
1742555848024 58.298339144335664 8
1742555911597 158.06720902984358 9
1742555976964 93.64014225670523 10
1742555997961 31.726796761562987 11
1742556065117 97.47932528495768 12
1742556132936 44.67483011421697 13
1742556198181 69.39194995726535 14
1742556263885 80.04478272581228 15
1742556266060 21.489718740618926 16
1742556268722 27.486570232054827 17
1742556335896 117.84503953882027 18
1742556400405 203.66523717796534 19
1742556465250 55.69551337883412 20
1742556530277 160.74580403570556 21
1742556595812 70.33905144011659 22
1742556659004 63.81760124370755 23
1742556723240 41.676392998819466 24
1742556786411 99.10990242585355 25
1742556851082 83.90754029474093 26
1742556918103 86.74017693023413 27
1742556982389 59.11341624507002 28
1742557050284 139.44048607732685 29
1742557116019 82.24564341284555 30
1742557118366 21.11074148928407 31
1742557184222 54.60528160560278 32
1742557250584 75.87578118638869 33
1742557315517 101.585935105718 34
1742557381751 106.00237292927352 35
1742557446735 261.7312731189736 36
1742557512087 293.9996567381202 37
1742557577347 193.47954362239537 38
1742557640583 71.01685286557094 39
1742557704994 222.5201920044803 40
1742557771774 53.90770653999297 41
1742557836525 111.89768576615971 42
1742557870057 37.61783404597697 43
1742557935112 122.92645576435075 44
1742557998836 97.78947389643326 45
1742558061154 205.59729789781497 46
1742558123442 70.22426603386775 47
1742558159865 58.26038013125712 48
1742558226502 174.64422092535668 49
1742558290626 109.11106214884126 50
1742558354861 71.93998931377276 51
1742558418389 68.58023071828606 52
1742558482189 109.12366580857682 53
1742558546999 168.27670902075562 54
1742558611430 61.63112288659294 55
1742558613625 21.452274163150733 56
1742558679739 111.95010948812772 57
1742558682053 22.0529886810758 58
1742558746489 34.52108106669887 59
1742558809444 311.2199729861475 60
1742558872915 189.29513639382716 61
1742558938239 53.98140639761311 62
1742559001639 226.67317814465085 63
1742559066754 252.0159048669362 64
1742559130317 236.91986002019655 65
1742559132532 21.464938192331573 66
1742559198795 245.9483618142366 67
1742559260393 143.90476153382394 68
1742559322707 187.18942613795184 69
1742559385780 48.98161102224194 70
1742559387939 22.07782851355241 71
1742559452247 137.04247523221554 72
1742559518150 120.91210587967072 73
1742559580862 77.75806314359887 74
1742559643765 35.440163471919455 75
1742559704606 141.85051490356338 76
1742559764364 108.29059495278213 77
1742559831230 160.6433695198647 78
1742559888805 29.390841381669073 79
