1742394372974 1.0 0
1742394382177 1.0 0
1742394391616 1.0 0
1742394401132 1.0 0
1742394410716 1.0 0
1742394420256 1.0 0
1742394429791 1.0 0
1742394439318 1.0 0
1742394448922 1.0 0
1742394449556 0.99 0
1742394459029 0.99 0
1742394468563 0.99 0
1742394477980 0.99 0
1742394487440 0.99 0
1742394490464 0.99 0
1742394500031 0.99 0
1742394509586 0.99 0
1742394519037 0.99 0
1742394528549 0.99 0
1742394536361 0.9801 0
1742394546053 0.9801 0
1742394555639 0.9801 0
1742394565182 0.9801 0
1742394574734 0.9801 0
1742394584190 0.9801 0
1742394594158 0.9801 0
1742394603742 0.9801 0
1742394613906 0.9801 0
1742394623547 0.9801 0
1742394633066 0.9702989999999999 0
1742394643048 0.9702989999999999 0
1742394652770 0.9702989999999999 0
1742394662261 0.9702989999999999 0
1742394671951 0.9702989999999999 0
1742394681495 0.9702989999999999 0
1742394691083 0.9702989999999999 0
1742394701564 0.9702989999999999 0
1742394711407 0.9702989999999999 0
1742394721112 0.9702989999999999 0
1742394730986 0.96059601 0
1742394740452 0.96059601 0
1742394749932 0.96059601 0
1742394759446 0.96059601 0
1742394769056 0.96059601 0
1742394778414 0.96059601 0
1742394787787 0.96059601 0
1742394797195 0.96059601 0
1742394806562 0.96059601 0
1742394816523 0.96059601 0
1742394826116 0.9509900498999999 0
1742394835301 0.9509900498999999 0
1742394844704 0.9509900498999999 0
1742394854531 0.9509900498999999 0
1742394864323 0.9509900498999999 0
1742394873697 0.9509900498999999 0
1742394883047 0.9509900498999999 0
1742394892493 0.9509900498999999 0
1742394902188 0.9509900498999999 0
1742394912263 0.9509900498999999 0
1742394921785 0.9414801494009999 0
1742394931526 0.9414801494009999 0
1742394941052 0.9414801494009999 0
1742394950393 0.9414801494009999 0
1742394959699 0.9414801494009999 0
1742394969159 0.9414801494009999 0
1742394979077 0.9414801494009999 0
1742394988345 0.9414801494009999 0
1742394997757 0.9414801494009999 0
1742395007181 0.9414801494009999 0
1742395016498 0.9320653479069899 0
1742395026289 0.9320653479069899 0
1742395036116 0.9320653479069899 0
1742395045504 0.9320653479069899 0
1742395046123 0.9320653479069899 0
1742395055395 0.9320653479069899 0
1742395064739 0.9320653479069899 0
1742395072078 0.9320653479069899 0
1742395081378 0.9320653479069899 0
1742395091057 0.9320653479069899 0
1742395093201 0.92274469442792 0
1742395102557 0.92274469442792 0
1742395112426 0.92274469442792 0
1742395121809 0.92274469442792 0
1742395131212 0.92274469442792 0
1742395140982 0.92274469442792 0
1742395150301 0.92274469442792 0
1742395159843 0.92274469442792 0
1742395169776 0.92274469442792 0
1742395179201 0.92274469442792 0
1742395179750 0.9135172474836407 0
1742395189165 0.9135172474836407 0
1742395198596 0.9135172474836407 0
1742395208093 0.9135172474836407 0
1742395217672 0.9135172474836407 0
1742395227601 0.9135172474836407 0
1742395237022 0.9135172474836407 0
1742395246481 0.9135172474836407 0
1742395256090 0.9135172474836407 0
1742395265414 0.9135172474836407 0
1742395268253 0.9043820750088043 0
1742395277617 0.9043820750088043 0
1742395287667 0.9043820750088043 0
1742395294009 0.9043820750088043 0
1742395304146 0.9043820750088043 0
1742395313504 0.9043820750088043 0
1742395314764 0.9043820750088043 0
1742395325490 0.9043820750088043 0
1742395335382 0.9043820750088043 0
1742395345182 0.9043820750088043 0
1742395355469 0.8953382542587163 0
1742395364959 0.8953382542587163 0
1742395374363 0.8953382542587163 0
1742395384429 0.8953382542587163 0
1742395393961 0.8953382542587163 0
1742395404019 0.8953382542587163 0
1742395413534 0.8953382542587163 0
1742395422969 0.8953382542587163 0
1742395433117 0.8953382542587163 0
1742395442535 0.8953382542587163 0
1742395452071 0.8863848717161291 0
1742395461558 0.8863848717161291 0
1742395471008 0.8863848717161291 0
1742395480678 0.8863848717161291 0
1742395490367 0.8863848717161291 0
1742395499905 0.8863848717161291 0
1742395509788 0.8863848717161291 0
1742395519410 0.8863848717161291 0
