1742394372974 -52.90218734741211 0
1742394382177 -58.77953338623047 0
1742394391616 -48.90940856933594 0
1742394401132 -55.825653076171875 0
1742394410716 -56.24422836303711 0
1742394420256 -52.79292678833008 0
1742394429791 -44.873802185058594 0
1742394439318 -52.80080795288086 0
1742394448922 -99.41555786132812 0
1742394449556 51.43120193481445 0
1742394459029 -59.24738311767578 0
1742394468563 -38.11606979370117 0
1742394477980 -50.8564338684082 0
1742394487440 -53.925724029541016 0
1742394490464 15.604666709899902 0
1742394500031 -43.76336669921875 0
1742394509586 -59.0400276184082 0
1742394519037 -41.48597717285156 0
1742394528549 -50.255741119384766 0
1742394536361 -25.530200958251953 0
1742394546053 -51.593597412109375 0
1742394555639 -47.21781921386719 0
1742394565182 -78.92574310302734 0
1742394574734 -58.96541976928711 0
1742394584190 -45.788978576660156 0
1742394594158 -32.00809860229492 0
1742394603742 -46.949554443359375 0
1742394613906 -54.77052688598633 0
1742394623547 -51.53386688232422 0
1742394633066 -63.46438980102539 0
1742394643048 -49.691768646240234 0
1742394652770 -67.2598648071289 0
1742394662261 -33.94888687133789 0
1742394671951 -47.80608367919922 0
1742394681495 -58.09056091308594 0
1742394691083 -70.96576690673828 0
1742394701564 -50.05485916137695 0
1742394711407 -47.20759963989258 0
1742394721112 -42.882625579833984 0
1742394730986 -41.570560455322266 0
1742394740452 -61.39811325073242 0
1742394749932 -42.252479553222656 0
1742394759446 -47.98483657836914 0
1742394769056 -70.40457153320312 0
1742394778414 -43.82979202270508 0
1742394787787 -38.220558166503906 0
1742394797195 -37.461647033691406 0
1742394806562 -39.25395965576172 0
1742394816523 -57.91352844238281 0
1742394826116 -53.728946685791016 0
1742394835301 -64.24667358398438 0
1742394844704 -62.93179702758789 0
1742394854531 -35.93132781982422 0
1742394864323 -46.3650016784668 0
1742394873697 -38.86073684692383 0
1742394883047 -34.919837951660156 0
1742394892493 -37.04343795776367 0
1742394902188 -49.094810485839844 0
1742394912263 -52.44709777832031 0
1742394921785 -56.625816345214844 0
1742394931526 -52.68122482299805 0
1742394941052 -37.01881408691406 0
1742394950393 -30.64356231689453 0
1742394959699 -47.92725372314453 0
1742394969159 -66.27604675292969 0
1742394979077 -40.59588623046875 0
1742394988345 -67.96134185791016 0
1742394997757 -48.6680793762207 0
1742395007181 -58.34736633300781 0
1742395016498 -46.93645477294922 0
1742395026289 -44.8227653503418 0
1742395036116 -43.673397064208984 0
1742395045504 -49.90311813354492 0
1742395046123 36.6291618347168 0
1742395055395 -46.937164306640625 0
1742395064739 -57.25802230834961 0
1742395072078 -43.87331008911133 0
1742395081378 -61.61375045776367 0
1742395091057 -49.789913177490234 0
1742395093201 -9.885623931884766 0
1742395102557 -71.91303253173828 0
1742395112426 -66.6905517578125 0
1742395121809 -54.688140869140625 0
1742395131212 -45.93043899536133 0
1742395140982 -56.0443000793457 0
1742395150301 -64.55776977539062 0
1742395159843 -60.554752349853516 0
1742395169776 -41.079551696777344 0
1742395179201 -45.29109573364258 0
1742395179750 32.11677551269531 0
1742395189165 -36.96808624267578 0
1742395198596 -60.80717468261719 0
1742395208093 -48.382896423339844 0
1742395217672 -38.497798919677734 0
1742395227601 -62.37737274169922 0
1742395237022 -44.349082946777344 0
1742395246481 -50.15515899658203 0
1742395256090 -48.711753845214844 0
1742395265414 -58.717708587646484 0
1742395268253 21.07407569885254 0
1742395277617 -42.96924591064453 0
1742395287667 -40.440731048583984 0
1742395294009 -46.34346008300781 0
1742395304146 -44.91511917114258 0
1742395313504 -51.09244155883789 0
1742395314764 36.43019104003906 0
1742395325490 -53.57407760620117 0
1742395335382 -71.93777465820312 0
1742395345182 -57.416629791259766 0
1742395355469 -65.07490539550781 0
1742395364959 -62.01873016357422 0
1742395374363 -55.026824951171875 0
1742395384429 -43.06654739379883 0
1742395393961 -77.49279022216797 0
1742395404019 -43.36012649536133 0
1742395413534 -67.46842956542969 0
1742395422969 -62.26730728149414 0
1742395433117 -65.75836181640625 0
1742395442535 -70.61123657226562 0
1742395452071 -39.82135009765625 0
1742395461558 -68.6153564453125 0
1742395471008 -66.83160400390625 0
1742395480678 -70.6634750366211 0
1742395490367 -54.315494537353516 0
1742395499905 -47.4099006652832 0
1742395509788 -55.55714416503906 0
1742395519410 -61.883934020996094 0
