1742394372974 -0.19274884910180853 0
1742394382177 -0.2171295437345141 0
1742394391616 -0.17899076160886687 0
1742394401132 -0.2063457444329927 0
1742394410716 -0.20718118990210393 0
1742394420256 -0.18600905028830095 0
1742394429791 -0.16648097390711264 0
1742394439318 -0.21136231078302123 0
1742394448922 -0.33950669493842883 0
1742394449556 9.86888661605945 0
1742394459029 -0.2211533656823029 0
1742394468563 -0.13747182259755983 0
1742394477980 -0.1888809380153053 0
1742394487440 -0.19943746970774162 0
1742394490464 0.003529433407514129 0
1742394500031 -0.16128212895373917 0
1742394509586 -0.20968033767626543 0
1742394519037 -0.15357390515441294 0
1742394528549 -0.17925970538652614 0
1742394536361 -0.12822299479154722 0
1742394546053 -0.19657721163447006 0
1742394555639 -0.17337428455201356 0
1742394565182 -0.2883113474709659 0
1742394574734 -0.21595167422430275 0
1742394584190 -0.16047116895026153 0
1742394594158 -0.12259424060698511 0
1742394603742 -0.1861528801820641 0
1742394613906 -0.2054269008962035 0
1742394623547 -0.18283544523551756 0
1742394633066 -0.23633530900699412 0
1742394643048 -0.1904613819865764 0
1742394652770 -0.25042123953771933 0
1742394662261 -0.12339938236801892 0
1742394671951 -0.17551645117368386 0
1742394681495 -0.21799403933554218 0
1742394691083 -0.2579026726050014 0
1742394701564 -0.17127330418260012 0
1742394711407 -0.18073103708125265 0
1742394721112 -0.1627860833036759 0
1742394730986 -0.15485004499840238 0
1742394740452 -0.21595657964645767 0
1742394749932 -0.15978732004729412 0
1742394759446 -0.17346693793805149 0
1742394769056 -0.24787220106906388 0
1742394778414 -0.16484188977363798 0
1742394787787 -0.14131810515083892 0
1742394797195 -0.1398510657723036 0
1742394806562 -0.1483883768945641 0
1742394816523 -0.21143191515640164 0
1742394826116 -0.20205910601116475 0
1742394835301 -0.23012477105416812 0
1742394844704 -0.2344218336326732 0
1742394854531 -0.13342200424097952 0
1742394864323 -0.1680818998846453 0
1742394873697 -0.1469815297080399 0
1742394883047 -0.1277029296234122 0
1742394892493 -0.14119888352026616 0
1742394902188 -0.16805645367322633 0
1742394912263 -0.20104982046671235 0
1742394921785 -0.19679137760576057 0
1742394931526 -0.19758967711935593 0
1742394941052 -0.14293778625392173 0
1742394950393 -0.12777033172391025 0
1742394959699 -0.16887850148117592 0
1742394969159 -0.24246454426660335 0
1742394979077 -0.14655179744019034 0
1742394988345 -0.24600390863457913 0
1742394997757 -0.1757738907003177 0
1742395007181 -0.21395507021285387 0
1742395016498 -0.17167379914645833 0
1742395026289 -0.15791936521596117 0
1742395036116 -0.16028167615672953 0
1742395045504 -0.18511583854816885 0
1742395046123 9.850444523961547 0
1742395055395 -0.16377333029812383 0
1742395064739 -0.2011649154907263 0
1742395072078 -0.19404631168100345 0
1742395081378 -0.22042805952240926 0
1742395091057 -0.19016008691479622 0
1742395093201 -0.20955593825776803 0
1742395102557 -0.25567183274303334 0
1742395112426 -0.23175473182972528 0
1742395121809 -0.19360071171257007 0
1742395131212 -0.16204569444486583 0
1742395140982 -0.19534671109846785 0
1742395150301 -0.23042164952073846 0
1742395159843 -0.20662850843081584 0
1742395169776 -0.13301291575460839 0
1742395179201 -0.15553337923491273 0
1742395179750 9.869874131742575 0
1742395189165 -0.1343735797761838 0
1742395198596 -0.21037800749450278 0
1742395208093 -0.16766744954353763 0
1742395217672 -0.13789895078205708 0
1742395227601 -0.22029782762223907 0
1742395237022 -0.15025706070377992 0
1742395246481 -0.176806460804796 0
1742395256090 -0.1751515432395032 0
1742395265414 -0.20304615679403265 0
1742395268253 0.027631980764069024 0
1742395277617 -0.15707072983027948 0
1742395287667 -0.13755140080283587 0
1742395294009 -0.23808026041601707 0
1742395304146 -0.15364447808477238 0
1742395313504 -0.17488311176017535 0
1742395314764 0.35429590655718907 0
1742395325490 -0.1837659230877785 0
1742395335382 -0.23554340784028172 0
1742395345182 -0.193700861167622 0
1742395355469 -0.21109872103320743 0
1742395364959 -0.19603172116216872 0
1742395374363 -0.18757866620897568 0
1742395384429 -0.14065605375094903 0
1742395393961 -0.2439075692464381 0
1742395404019 -0.14914800744285542 0
1742395413534 -0.22451330189765448 0
1742395422969 -0.2019435632779551 0
1742395433117 -0.20943114421447498 0
1742395442535 -0.22307060058915026 0
1742395452071 -0.13886505416393277 0
1742395461558 -0.21785812607844443 0
1742395471008 -0.2163188265450692 0
1742395480678 -0.22114093690012657 0
1742395490367 -0.17291762728551868 0
1742395499905 -0.15597785230930775 0
1742395509788 -0.17644994475163603 0
1742395519410 -0.19297146075044727 0
