1742394372974 -57.82465473054256 0
1742394382177 -65.13886312035423 0
1742394391616 -53.69722848266006 0
1742394401132 -61.90372332989781 0
1742394410716 -62.15435697063118 0
1742394420256 -55.80271508649029 0
1742394429791 -49.94429217213379 0
1742394439318 -63.408693234906366 0
1742394448922 -101.85200848152866 0
1742394449556 9.86888661605945 0
1742394459029 -66.34600970469087 0
1742394468563 -41.24154677926795 0
1742394477980 -56.66428140459159 0
1742394487440 -59.831240912322485 0
1742394490464 0.2717663723785879 0
1742394500031 -48.38463868612175 0
1742394509586 -62.904101302879624 0
1742394519037 -46.07217154632388 0
1742394528549 -53.77791161595784 0
1742394536361 -31.158187734345972 0
1742394546053 -58.973163490341015 0
1742394555639 -52.01228536560407 0
1742394565182 -86.49340424128977 0
1742394574734 -64.78550226729082 0
1742394584190 -48.14135068507846 0
1742394594158 -36.778272182095535 0
1742394603742 -55.845864054619234 0
1742394613906 -61.628070268861045 0
1742394623547 -54.85063357065527 0
1742394633066 -70.90059270209824 0
1742394643048 -57.13841459597292 0
1742394652770 -75.1263718613158 0
1742394662261 -37.019814710405676 0
1742394671951 -52.654935352105156 0
1742394681495 -65.39821180066265 0
1742394691083 -77.37080178150042 0
1742394701564 -51.38199125478003 0
1742394711407 -54.2193111243758 0
1742394721112 -48.83582499110277 0
1742394730986 -46.45501349952071 0
1742394740452 -64.7869738939373 0
1742394749932 -47.93619601418824 0
1742394759446 -52.04008138141545 0
1742394769056 -74.36166032071917 0
1742394778414 -49.45256693209139 0
1742394787787 -42.395431545251675 0
1742394797195 -38.17934095583888 0
1742394806562 -44.51651306836923 0
1742394816523 -63.42957454692049 0
1742394826116 -60.61773180334943 0
1742394835301 -69.03743131625043 0
1742394844704 -70.32655008980196 0
1742394854531 -40.02660127229386 0
1742394864323 -50.424569965393594 0
1742394873697 -44.09445891241197 0
1742394883047 -38.31087888702366 0
1742394892493 -42.35966505607985 0
1742394902188 -50.4169361019679 0
1742394912263 -60.31494614001371 0
1742394921785 -59.03741328172817 0
1742394931526 -59.27690313580678 0
1742394941052 -42.88133587617652 0
1742394950393 -38.33109951717307 0
1742394959699 -50.66355044435278 0
1742394969159 -72.739363279981 0
1742394979077 -43.965539232057104 0
1742394988345 -73.80117259037374 0
1742394997757 -52.73216721009531 0
1742395007181 -64.18652106385616 0
1742395016498 -51.5021397439375 0
1742395026289 -47.37580956478835 0
1742395036116 -48.08450284701886 0
1742395045504 -55.53475156445066 0
1742395046123 9.850444523961547 0
1742395055395 -49.131999089437144 0
1742395064739 -60.34947464721789 0
1742395072078 -39.77949389460571 0
1742395081378 -66.12841785672278 0
1742395091057 -57.048026074438866 0
1742395093201 -5.2388984564442005 0
1742395102557 -76.70154982291 0
1742395112426 -69.52641954891759 0
1742395121809 -58.08021351377102 0
1742395131212 -48.61370833345975 0
1742395140982 -58.60401332954036 0
1742395150301 -69.12649485622154 0
1742395159843 -61.98855252924476 0
1742395169776 -39.90387472638252 0
1742395179201 -46.66001377047382 0
1742395179750 9.869874131742575 0
1742395189165 -40.31207393285514 0
1742395198596 -63.11340224835084 0
1742395208093 -50.300234863061284 0
1742395217672 -41.36968523461712 0
1742395227601 -66.08934828667172 0
1742395237022 -45.07711821113398 0
1742395246481 -53.0419382414388 0
1742395256090 -52.54546297185096 0
1742395265414 -60.913847038209795 0
1742395268253 2.127662518833315 0
1742395277617 -47.12121894908384 0
1742395287667 -41.26542024085076 0
1742395294009 -34.99779828115451 0
1742395304146 -46.09334342543172 0
1742395313504 -52.464933528052605 0
1742395314764 8.857397663929726 0
1742395325490 -55.129776926333555 0
1742395335382 -70.66302235208451 0
1742395345182 -58.1102583502866 0
1742395355469 -63.329616309962226 0
1742395364959 -58.80951634865062 0
1742395374363 -56.273599862692706 0
1742395384429 -42.19681612528471 0
1742395393961 -73.17227077393143 0
1742395404019 -44.74440223285663 0
1742395413534 -67.35399056929634 0
1742395422969 -60.583068983386525 0
1742395433117 -62.82934326434249 0
1742395442535 -66.92118017674508 0
1742395452071 -41.65951624917983 0
1742395461558 -65.35743782353333 0
1742395471008 -64.89564796352076 0
1742395480678 -66.34228107003797 0
1742395490367 -51.875288185655606 0
1742395499905 -46.793355692792325 0
1742395509788 -52.934983425490806 0
1742395519410 -57.89143822513418 0
