1742574759529 0.0 0
1742574762407 0.0 1
1742574771074 0.0 2
1742574779786 0.0 3
1742574795823 0.0 4
1742574801606 1.0 5
1742574802192 1.0 6
1742574818357 0.0 7
1742574834575 0.0 8
1742574850971 0.0 9
1742574866882 0.0 10
1742574882814 0.0 11
1742574898936 0.0 12
1742574915067 0.0 13
1742574931111 0.0 14
1742574947300 0.0 15
1742574951188 0.0 16
1742574967309 0.0 17
1742574983530 0.0 18
1742574986279 0.0 19
1742575002405 0.0 20
1742575018878 0.0 21
1742575036145 0.0 22
1742575053345 0.0 23
1742575070529 0.0 24
1742575073992 1.0 25
1742575090258 0.0 26
1742575106367 0.0 27
1742575122421 0.0 28
1742575139064 0.0 29
1742575155409 0.0 30
1742575171834 0.0 31
1742575187781 0.0 32
1742575204419 0.0 33
1742575221120 0.0 34
1742575237534 0.0 35
1742575254279 0.0 36
1742575270121 0.0 37
1742575286275 0.0 38
1742575302190 0.0 39
1742575318366 0.0 40
1742575335336 0.0 41
1742575352615 0.0 42
1742575369606 0.0 43
1742575386830 0.0 44
1742575404472 0.0 45
1742575421162 0.0 46
1742575428216 0.0 47
1742575445983 0.0 48
1742575462368 0.0 49
1742575478010 0.0 50
1742575493833 0.0 51
1742575510597 0.0 52
1742575526369 0.0 53
1742575542086 0.0 54
1742575558151 0.0 55
1742575574173 0.0 56
1742575590023 0.0 57
1742575605329 0.0 58
1742575621002 0.0 59
1742575636569 0.0 60
1742575652327 0.0 61
1742575668115 0.0 62
1742575684071 0.0 63
1742575700309 0.0 64
1742575716293 0.0 65
1742575732312 0.0 66
1742575748492 0.0 67
1742575764969 0.0 68
1742575780800 0.0 69
1742575796569 0.0 70
1742575812826 0.0 71
1742575816759 0.0 72
1742575817354 1.0 73
1742575833567 0.0 74
1742575849880 0.0 75
1742575866897 0.0 76
1742575883190 0.0 77
1742575885666 0.0 78
1742575886270 1.0 79
1742575887259 1.0 80
1742575903119 0.0 81
1742575918706 0.0 82
1742575934581 0.0 83
1742575951468 0.0 84
1742575967851 0.0 85
1742575985259 0.0 86
1742576002808 0.0 87
1742576019755 0.0 88
1742576021730 1.0 89
1742576037725 0.0 90
1742576053919 0.0 91
1742576071039 0.0 92
1742576087360 0.0 93
1742576103087 0.0 94
1742576118911 0.0 95
1742576135532 0.0 96
1742576151616 0.0 97
1742576167442 0.0 98
1742576183370 0.0 99
1742576199206 0.0 100
1742576214695 0.0 101
1742576230721 0.0 102
1742576246884 0.0 103
1742576263337 0.0 104
1742576278930 0.0 105
1742576294812 0.0 106
1742576310999 0.0 107
1742576327026 0.0 108
1742576343108 0.0 109
1742576358993 0.0 110
1742576375230 0.0 111
1742576391779 0.0 112
1742576408484 0.0 113
1742576411562 0.0 114
1742576412193 1.0 115
1742576412831 1.0 116
1742576429827 0.0 117
1742576447993 0.0 118
1742576464114 0.0 119
1742576480587 0.0 120
1742576497001 0.0 121
1742576515127 0.0 122
1742576533321 0.0 123
1742576552223 0.0 124
1742576570681 0.0 125
1742576571331 1.0 126
1742576589926 0.0 127
1742576608990 0.0 128
1742576627501 0.0 129
1742576645755 0.0 130
1742576646413 1.0 131
1742576657855 1.0 132
1742576674443 0.0 133
1742576690009 0.0 134
1742576705618 0.0 135
1742576721285 0.0 136
1742576737339 0.0 137
1742576737944 1.0 138
1742576753519 0.0 139
1742576769719 0.0 140
1742576785952 0.0 141
1742576802030 0.0 142
1742576817679 0.0 143
1742576833458 0.0 144
1742576850023 0.0 145
1742576865818 0.0 146
1742576882880 0.0 147
1742576899665 0.0 148
1742576917485 0.0 149
1742576934695 0.0 150
1742576951012 0.0 151
1742576967555 0.0 152
1742576984172 0.0 153
1742577000071 0.0 154
1742577017184 0.0 155
1742577033980 0.0 156
1742577051029 0.0 157
1742577066709 0.0 158
1742577082785 0.0 159
1742577098321 0.0 160
1742577114241 0.0 161
1742577130071 0.0 162
1742577145690 0.0 163
1742577161579 0.0 164
1742577177338 0.0 165
1742577193783 0.0 166
1742577210352 0.0 167
1742577226331 0.0 168
1742577242717 0.0 169
1742577258985 0.0 170
1742577274815 0.0 171
1742577291324 0.0 172
1742577308029 0.0 173
1742577324477 0.0 174
1742577340866 0.0 175
1742577357129 0.0 176
1742577373568 0.0 177
1742577389165 0.0 178
1742577405102 0.0 179
1742577421626 0.0 180
1742577436805 0.0 181
1742577452510 0.0 182
1742577468819 0.0 183
1742577484544 0.0 184
1742577500312 0.0 185
1742577516671 0.0 186
1742577517267 1.0 187
1742577534059 0.0 188
1742577549638 0.0 189
1742577566084 0.0 190
1742577582338 0.0 191
1742577598284 0.0 192
1742577614399 0.0 193
1742577630778 0.0 194
1742577646844 0.0 195
1742577663138 0.0 196
1742577679656 0.0 197
1742577696190 0.0 198
1742577712590 0.0 199
1742577728658 0.0 200
1742577744955 0.0 201
1742577760574 0.0 202
1742577776874 0.0 203
1742577792752 0.0 204
1742577808140 0.0 205
1742577824422 0.0 206
1742577825032 1.0 207
1742577841100 0.0 208
1742577856779 0.0 209
1742577872475 0.0 210
1742577888338 0.0 211
1742577904372 0.0 212
1742577920263 0.0 213
1742577936401 0.0 214
1742577952348 0.0 215
1742577968146 0.0 216
1742577983883 0.0 217
1742577999964 0.0 218
1742578000741 1.0 219
1742578016962 0.0 220
1742578033125 0.0 221
1742578049496 0.0 222
1742578065951 0.0 223
1742578082017 0.0 224
1742578098482 0.0 225
1742578114608 0.0 226
1742578130556 0.0 227
1742578146402 0.0 228
1742578162504 0.0 229
1742578178931 0.0 230
1742578195274 0.0 231
1742578211029 0.0 232
1742578226844 0.0 233
1742578242737 0.0 234
1742578258690 0.0 235
1742578274819 0.0 236
1742578291061 0.0 237
1742578306407 0.0 238
1742578322170 0.0 239
1742578322796 1.0 240
1742578338449 0.0 241
1742578354374 0.0 242
1742578370230 0.0 243
1742578386082 0.0 244
1742578402283 0.0 245
1742578417925 0.0 246
1742578433837 0.0 247
1742578449972 0.0 248
1742578466133 0.0 249
1742578481851 0.0 250
1742578497258 0.0 251
1742578513176 0.0 252
1742578529122 0.0 253
1742578545145 0.0 254
1742578561060 0.0 255
1742578577196 0.0 256
1742578593488 0.0 257
1742578609439 0.0 258
1742578625863 0.0 259
1742578641491 0.0 260
1742578657884 0.0 261
1742578658494 1.0 262
1742578674780 0.0 263
1742578690415 0.0 264
1742578706193 0.0 265
1742578707513 1.0 266
1742578723618 0.0 267
1742578739494 0.0 268
1742578755476 0.0 269
1742578771625 0.0 270
1742578787383 0.0 271
1742578788155 1.0 272
1742578803694 0.0 273
1742578819751 0.0 274
1742578835890 0.0 275
1742578851355 0.0 276
1742578866708 0.0 277
1742578882239 0.0 278
1742578883002 1.0 279
1742578898839 0.0 280
1742578914822 0.0 281
1742578930851 0.0 282
1742578946782 0.0 283
1742578962952 0.0 284
1742578978925 0.0 285
1742578994625 0.0 286
1742578995251 1.0 287
1742579011519 0.0 288
1742579027209 0.0 289
1742579042781 0.0 290
1742579059091 0.0 291
1742579075372 0.0 292
1742579091557 0.0 293
1742579107723 0.0 294
1742579123970 0.0 295
1742579139702 0.0 296
1742579155398 0.0 297
1742579171004 0.0 298
1742579187276 0.0 299
1742579203141 0.0 300
1742579218871 0.0 301
1742579235497 0.0 302
1742579251164 0.0 303
1742579267111 0.0 304
1742579282936 0.0 305
1742579298588 0.0 306
1742579314488 0.0 307
1742579329905 0.0 308
1742579345838 0.0 309
1742579362460 0.0 310
1742579378090 0.0 311
1742579394557 0.0 312
1742579410395 0.0 313
1742579426327 0.0 314
1742579442049 0.0 315
1742579458234 0.0 316
1742579474378 0.0 317
1742579490484 0.0 318
1742579506567 0.0 319
1742579522189 0.0 320
1742579538076 0.0 321
1742579554047 0.0 322
1742579569988 0.0 323
1742579586106 0.0 324
1742579601901 0.0 325
1742579617791 0.0 326
1742579633234 0.0 327
1742579649713 0.0 328
1742579665416 0.0 329
1742579681705 0.0 330
1742579697942 0.0 331
1742579713548 0.0 332
1742579714317 1.0 333
1742579730585 0.0 334
1742579746665 0.0 335
1742579762432 0.0 336
1742579778438 0.0 337
1742579794480 0.0 338
1742579810447 0.0 339
1742579826416 0.0 340
1742579842365 0.0 341
1742579857782 0.0 342
1742579858399 1.0 343
1742579873980 0.0 344
1742579889554 0.0 345
1742579905739 0.0 346
1742579921685 0.0 347
1742579937120 0.0 348
1742579952796 0.0 349
1742579961361 0.0 350
1742579977217 0.0 351
1742579992945 0.0 352
1742580009139 0.0 353
1742580025291 0.0 354
1742580041413 0.0 355
1742580057580 0.0 356
1742580073804 0.0 357
1742580089935 0.0 358
1742580105507 0.0 359
1742580121767 0.0 360
1742580137922 0.0 361
1742580154107 0.0 362
1742580170194 0.0 363
1742580186421 0.0 364
1742580202145 0.0 365
1742580218189 0.0 366
1742580234007 0.0 367
1742580249906 0.0 368
1742580265761 0.0 369
1742580282200 0.0 370
1742580282822 1.0 371
1742580298642 0.0 372
1742580314632 0.0 373
1742580330475 0.0 374
1742580331087 1.0 375
1742580347497 0.0 376
1742580363927 0.0 377
1742580379680 0.0 378
1742580396249 0.0 379
1742580412511 0.0 380
1742580428307 0.0 381
1742580444814 0.0 382
1742580461041 0.0 383
1742580461648 1.0 384
1742580477781 0.0 385
1742580493633 0.0 386
1742580509454 0.0 387
1742580525236 0.0 388
1742580541639 0.0 389
1742580557785 0.0 390
1742580558418 1.0 391
1742580574131 0.0 392
1742580589916 0.0 393
1742580605629 0.0 394
1742580621459 0.0 395
1742580638002 0.0 396
1742580654241 0.0 397
1742580670377 0.0 398
1742580686258 0.0 399
1742580701653 0.0 400
1742580717650 0.0 401
1742580733539 0.0 402
1742580749532 0.0 403
1742580765791 0.0 404
1742580781538 0.0 405
1742580797098 0.0 406
1742580812830 0.0 407
1742580828598 0.0 408
1742580844381 0.0 409
1742580844996 1.0 410
1742580861086 0.0 411
1742580877241 0.0 412
1742580893118 0.0 413
1742580909300 0.0 414
1742580925115 0.0 415
1742580940570 0.0 416
1742580956371 0.0 417
1742580956996 1.0 418
1742580972770 0.0 419
1742580988458 0.0 420
1742581004270 0.0 421
1742581019862 0.0 422
1742581020487 1.0 423
1742581036337 0.0 424
1742581052221 0.0 425
1742581067529 0.0 426
1742581083273 0.0 427
1742581098927 0.0 428
1742581114779 0.0 429
1742581130364 0.0 430
1742581146429 0.0 431
1742581162480 0.0 432
1742581178389 0.0 433
1742581194678 0.0 434
1742581197557 0.0 435
1742581213411 0.0 436
1742581228916 0.0 437
1742581244982 0.0 438
1742581261041 0.0 439
1742581276392 0.0 440
1742581292221 0.0 441
1742581308122 0.0 442
1742581323577 0.0 443
1742581339285 0.0 444
1742581355045 0.0 445
1742581370970 0.0 446
1742581386704 0.0 447
1742581402864 0.0 448
1742581404827 1.0 449
1742581420455 0.0 450
1742581436168 0.0 451
1742581452318 0.0 452
1742581468783 0.0 453
1742581484754 0.0 454
1742581501142 0.0 455
1742581517051 0.0 456
1742581533255 0.0 457
1742581548990 0.0 458
1742581565141 0.0 459
1742581581092 0.0 460
1742581597533 0.0 461
1742581613349 0.0 462
1742581629113 0.0 463
1742581632442 0.0 464
1742581648305 0.0 465
1742581663982 0.0 466
1742581680455 0.0 467
1742581697301 0.0 468
1742581713840 0.0 469
1742581714466 1.0 470
1742581727964 1.0 471
1742581743693 0.0 472
1742581759678 0.0 473
1742581776552 0.0 474
1742581792354 0.0 475
1742581808362 0.0 476
1742581824263 0.0 477
1742581840441 0.0 478
1742581856496 0.0 479
1742581872928 0.0 480
1742581888922 0.0 481
1742581904976 0.0 482
1742581921583 0.0 483
1742581937619 0.0 484
1742581953329 0.0 485
1742581953942 1.0 486
1742581970171 0.0 487
1742581986703 0.0 488
1742581991626 0.0 489
1742582008608 0.0 490
1742582024891 0.0 491
1742582041054 0.0 492
1742582056698 0.0 493
1742582072506 0.0 494
1742582076277 1.0 495
1742582092415 0.0 496
1742582108827 0.0 497
1742582124745 0.0 498
1742582141605 0.0 499
1742582157871 0.0 500
1742582174237 0.0 501
1742582189761 0.0 502
1742582205761 0.0 503
1742582221780 0.0 504
1742582237983 0.0 505
1742582254078 0.0 506
1742582269825 0.0 507
1742582270627 1.0 508
1742582271236 1.0 509
1742582287074 0.0 510
1742582303079 0.0 511
1742582319010 0.0 512
1742582334575 0.0 513
1742582350715 0.0 514
1742582366848 0.0 515
1742582367631 1.0 516
1742582383748 0.0 517
1742582399634 0.0 518
1742582415668 0.0 519
1742582431915 0.0 520
1742582447935 0.0 521
1742582464173 0.0 522
1742582481553 0.0 523
1742582497356 0.0 524
1742582512746 0.0 525
1742582528328 0.0 526
1742582544350 0.0 527
1742582560284 0.0 528
1742582576390 0.0 529
1742582592512 0.0 530
1742582608332 0.0 531
1742582624023 0.0 532
1742582640200 0.0 533
1742582656316 0.0 534
1742582656941 1.0 535
1742582657748 1.0 536
1742582674029 0.0 537
1742582689988 0.0 538
1742582705803 0.0 539
1742582721588 0.0 540
1742582737346 0.0 541
1742582737975 1.0 542
1742582753880 0.0 543
1742582754693 1.0 544
1742582770893 0.0 545
1742582786340 0.0 546
1742582786964 1.0 547
1742582803011 0.0 548
1742582818687 0.0 549
1742582834464 0.0 550
1742582850711 0.0 551
1742582851341 1.0 552
1742582867249 0.0 553
1742582883336 0.0 554
1742582899493 0.0 555
1742582915693 0.0 556
1742582931959 0.0 557
1742582948139 0.0 558
1742582948771 1.0 559
1742582964532 0.0 560
1742582980823 0.0 561
1742582996858 0.0 562
1742583012963 0.0 563
1742583029319 0.0 564
1742583046101 0.0 565
1742583062977 0.0 566
1742583079135 0.0 567
1742583095107 0.0 568
1742583110846 0.0 569
1742583126626 0.0 570
1742583142280 0.0 571
1742583144971 0.0 572
1742583160920 0.0 573
1742583161551 1.0 574
1742583177814 0.0 575
1742583193570 0.0 576
1742583210116 0.0 577
1742583226372 0.0 578
1742583242573 0.0 579
1742583258568 0.0 580
1742583275567 0.0 581
1742583291771 0.0 582
1742583308144 0.0 583
1742583324068 0.0 584
1742583340372 0.0 585
1742583356763 0.0 586
1742583373044 0.0 587
1742583388896 0.0 588
1742583405595 0.0 589
1742583421456 0.0 590
1742583437152 0.0 591
1742583452849 0.0 592
1742583453475 1.0 593
1742583469611 0.0 594
1742583485836 0.0 595
1742583486452 1.0 596
1742583502453 0.0 597
1742583503074 1.0 598
1742583518970 0.0 599
1742583535506 0.0 600
1742583551722 0.0 601
1742583568120 0.0 602
1742583584365 0.0 603
1742583601024 0.0 604
1742583617402 0.0 605
1742583633875 0.0 606
1742583650537 0.0 607
1742583666864 0.0 608
1742583684361 0.0 609
1742583700742 0.0 610
1742583701352 1.0 611
1742583717461 0.0 612
1742583733704 0.0 613
1742583750018 0.0 614
1742583766761 0.0 615
1742583783257 0.0 616
1742583799515 0.0 617
1742583815304 0.0 618
1742583831033 0.0 619
1742583848015 0.0 620
1742583864980 0.0 621
1742583880988 0.0 622
1742583897395 0.0 623
1742583913371 0.0 624
1742583929707 0.0 625
1742583946227 0.0 626
1742583963093 0.0 627
1742583963899 1.0 628
1742583980550 0.0 629
1742583997667 0.0 630
1742584013797 0.0 631
1742584030291 0.0 632
1742584040148 0.0 633
1742584056342 0.0 634
1742584072561 0.0 635
1742584089131 0.0 636
1742584089742 1.0 637
1742584106017 0.0 638
1742584122502 0.0 639
1742584138810 0.0 640
1742584155515 0.0 641
1742584172046 0.0 642
1742584188133 0.0 643
1742584204504 0.0 644
1742584220342 0.0 645
1742584236383 0.0 646
1742584251912 0.0 647
1742584268045 0.0 648
1742584283921 0.0 649
1742584299886 0.0 650
1742584315498 0.0 651
1742584330745 0.0 652
1742584346707 0.0 653
1742584362601 0.0 654
1742584378735 0.0 655
1742584395098 0.0 656
1742584411622 0.0 657
1742584427720 0.0 658
1742584440125 1.0 659
1742584456892 0.0 660
1742584472857 0.0 661
1742584489609 0.0 662
1742584506077 0.0 663
1742584522296 0.0 664
1742584538504 0.0 665
1742584554933 0.0 666
1742584570980 0.0 667
1742584586509 0.0 668
1742584603483 0.0 669
1742584620017 0.0 670
1742584636183 0.0 671
1742584652790 0.0 672
1742584669207 0.0 673
1742584685767 0.0 674
1742584702015 0.0 675
1742584718361 0.0 676
1742584734619 0.0 677
1742584751109 0.0 678
1742584767319 0.0 679
1742584783045 0.0 680
1742584798835 0.0 681
1742584814689 0.0 682
1742584830236 0.0 683
1742584832581 0.0 684
1742584849297 0.0 685
1742584866042 0.0 686
1742584882839 0.0 687
1742584899624 0.0 688
1742584915682 0.0 689
1742584931650 0.0 690
1742584932434 1.0 691
1742584948652 0.0 692
1742584964179 0.0 693
1742584980211 0.0 694
1742584996215 0.0 695
1742585011953 0.0 696
1742585028647 0.0 697
1742585044983 0.0 698
1742585062013 0.0 699
1742585078779 0.0 700
1742585094615 0.0 701
1742585095248 1.0 702
1742585111183 0.0 703
1742585127872 0.0 704
1742585144511 0.0 705
1742585160851 0.0 706
1742585176603 0.0 707
1742585193184 0.0 708
1742585209563 0.0 709
1742585226031 0.0 710
1742585241966 0.0 711
1742585242751 1.0 712
1742585259193 0.0 713
1742585275600 0.0 714
1742585292434 0.0 715
1742585308847 0.0 716
1742585325505 0.0 717
1742585341788 0.0 718
1742585342604 1.0 719
1742585352066 0.0 720
1742585367842 0.0 721
1742585383887 0.0 722
1742585399676 0.0 723
1742585416126 0.0 724
1742585432481 0.0 725
1742585449052 0.0 726
1742585465354 0.0 727
1742585465978 1.0 728
1742585482355 0.0 729
1742585484264 0.0 730
1742585500648 0.0 731
1742585517537 0.0 732
1742585533462 0.0 733
1742585549575 0.0 734
1742585566025 0.0 735
1742585582301 0.0 736
1742585598497 0.0 737
1742585614456 0.0 738
1742585630192 0.0 739
1742585646947 0.0 740
1742585663821 0.0 741
1742585679967 0.0 742
1742585696045 0.0 743
1742585711628 0.0 744
1742585715599 0.0 745
1742585731516 0.0 746
1742585747541 0.0 747
1742585748152 1.0 748
1742585764149 0.0 749
1742585780201 0.0 750
1742585796422 0.0 751
1742585812417 0.0 752
1742585828693 0.0 753
1742585845010 0.0 754
1742585861564 0.0 755
1742585878198 0.0 756
1742585894825 0.0 757
1742585910726 0.0 758
1742585927351 0.0 759
1742585943852 0.0 760
1742585960016 0.0 761
1742585976342 0.0 762
1742585992705 0.0 763
1742586009070 0.0 764
1742586024903 0.0 765
1742586041546 0.0 766
1742586057607 0.0 767
1742586058431 1.0 768
1742586075164 0.0 769
1742586091923 0.0 770
1742586109217 0.0 771
1742586109859 1.0 772
1742586126352 0.0 773
1742586142320 0.0 774
1742586158318 0.0 775
1742586174735 0.0 776
1742586190750 0.0 777
1742586206971 0.0 778
1742586223143 0.0 779
1742586239617 0.0 780
1742586255740 0.0 781
1742586272039 0.0 782
1742586288369 0.0 783
1742586304865 0.0 784
1742586322296 0.0 785
1742586338612 0.0 786
1742586354982 0.0 787
1742586371906 0.0 788
1742586388379 0.0 789
1742586404468 0.0 790
1742586420611 0.0 791
1742586437256 0.0 792
1742586453881 0.0 793
1742586470593 0.0 794
1742586486877 0.0 795
1742586503206 0.0 796
1742586519737 0.0 797
1742586535750 0.0 798
1742586551306 0.0 799
1742586567063 0.0 800
1742586568209 1.0 801
1742586584072 0.0 802
1742586598956 0.0 803
1742586614184 0.0 804
1742586629487 0.0 805
1742586644691 0.0 806
1742586659820 0.0 807
1742586674948 0.0 808
1742586690510 0.0 809
1742586706403 0.0 810
1742586721496 0.0 811
1742586736751 0.0 812
1742586751964 0.0 813
1742586766804 0.0 814
1742586782639 0.0 815
1742586799430 0.0 816
1742586815550 0.0 817
1742586830704 0.0 818
1742586845866 0.0 819
1742586860683 0.0 820
1742586876373 0.0 821
1742586891869 0.0 822
1742586906691 0.0 823
1742586922313 0.0 824
1742586938667 0.0 825
1742586953934 0.0 826
1742586968982 0.0 827
1742586984457 0.0 828
1742586999564 0.0 829
1742587014607 0.0 830
1742587029932 0.0 831
1742587045215 0.0 832
1742587060181 0.0 833
1742587075082 0.0 834
1742587090587 0.0 835
1742587092897 0.0 836
1742587108142 0.0 837
1742587123474 0.0 838
1742587126721 1.0 839
1742587141723 0.0 840
1742587156655 0.0 841
1742587171452 0.0 842
1742587186617 0.0 843
1742587201923 0.0 844
1742587217655 0.0 845
1742587232695 0.0 846
1742587248078 0.0 847
1742587263561 0.0 848
1742587278760 0.0 849
1742587293962 0.0 850
1742587308926 0.0 851
1742587324390 0.0 852
1742587339170 0.0 853
1742587354460 0.0 854
1742587369635 0.0 855
1742587384568 0.0 856
1742587399210 0.0 857
1742587414346 0.0 858
1742587429449 0.0 859
1742587444637 0.0 860
1742587459934 0.0 861
1742587475378 0.0 862
1742587491015 0.0 863
1742587506008 0.0 864
1742587506746 1.0 865
1742587522099 0.0 866
1742587537182 0.0 867
1742587552758 0.0 868
1742587567929 0.0 869
1742587583161 0.0 870
1742587598119 0.0 871
1742587613115 0.0 872
1742587628387 0.0 873
1742587643219 0.0 874
1742587658698 0.0 875
1742587673831 0.0 876
1742587688889 0.0 877
1742587703922 0.0 878
1742587719008 0.0 879
1742587735343 0.0 880
1742587750574 0.0 881
1742587766333 0.0 882
1742587782083 0.0 883
1742587797570 0.0 884
1742587812708 0.0 885
1742587827951 0.0 886
1742587843903 0.0 887
1742587859789 0.0 888
1742587874866 0.0 889
1742587890193 0.0 890
1742587905512 0.0 891
1742587920582 0.0 892
1742587936242 0.0 893
1742587936853 1.0 894
1742587952112 0.0 895
1742587967007 0.0 896
1742587982232 0.0 897
1742587997247 0.0 898
1742588012625 0.0 899
1742588027571 0.0 900
1742588043288 0.0 901
1742588058418 0.0 902
1742588074097 0.0 903
1742588089305 0.0 904
1742588105013 0.0 905
1742588120822 0.0 906
1742588136176 0.0 907
1742588151255 0.0 908
1742588166575 0.0 909
1742588181645 0.0 910
1742588196821 0.0 911
1742588211481 0.0 912
1742588226052 0.0 913
1742588240818 0.0 914
1742588256499 0.0 915
1742588271857 0.0 916
1742588287275 0.0 917
1742588303005 0.0 918
1742588318591 0.0 919
1742588334032 0.0 920
1742588349736 0.0 921
1742588365110 0.0 922
1742588380268 0.0 923
1742588395922 0.0 924
1742588411681 0.0 925
1742588427151 0.0 926
1742588442716 0.0 927
1742588458298 0.0 928
1742588474019 0.0 929
1742588489035 0.0 930
1742588504213 0.0 931
1742588519390 0.0 932
1742588534433 0.0 933
1742588535041 1.0 934
1742588550031 0.0 935
1742588565168 0.0 936
1742588580401 0.0 937
1742588595536 0.0 938
1742588610562 0.0 939
1742588626499 0.0 940
1742588642478 0.0 941
1742588657748 0.0 942
1742588673153 0.0 943
1742588687991 0.0 944
1742588702853 0.0 945
1742588718398 0.0 946
1742588733696 0.0 947
1742588748896 0.0 948
1742588764679 0.0 949
1742588780155 0.0 950
1742588795206 0.0 951
1742588810080 0.0 952
1742588825167 0.0 953
1742588839724 0.0 954
1742588848033 1.0 955
1742588863773 0.0 956
1742588867131 0.0 957
1742588881887 0.0 958
1742588896571 0.0 959
1742588911383 0.0 960
1742588926489 0.0 961
1742588941557 0.0 962
1742588956602 0.0 963
1742588972322 0.0 964
1742588987684 0.0 965
1742589003247 0.0 966
1742589003848 1.0 967
1742589018851 0.0 968
1742589034652 0.0 969
1742589049702 0.0 970
1742589065427 0.0 971
1742589080941 0.0 972
1742589095889 0.0 973
1742589111206 0.0 974
1742589126118 0.0 975
1742589141196 0.0 976
1742589156386 0.0 977
1742589171390 0.0 978
1742589186743 0.0 979
1742589201857 0.0 980
1742589216704 0.0 981
1742589219158 0.0 982
1742589233761 0.0 983
1742589248811 0.0 984
1742589264018 0.0 985
1742589279044 0.0 986
1742589293867 0.0 987
1742589309177 0.0 988
1742589324514 0.0 989
1742589339830 0.0 990
1742589355431 0.0 991
1742589371547 0.0 992
1742589387069 0.0 993
1742589402890 0.0 994
1742589418622 0.0 995
1742589434026 0.0 996
1742589449426 0.0 997
1742589464980 0.0 998
1742589480908 0.0 999
1742589496019 0.0 1000
1742589511709 0.0 1001
1742589527016 0.0 1002
1742589542888 0.0 1003
1742589558745 0.0 1004
1742589573911 0.0 1005
1742589588832 0.0 1006
1742589603533 0.0 1007
1742589618387 0.0 1008
1742589633004 0.0 1009
1742589648013 0.0 1010
1742589663320 0.0 1011
1742589679260 0.0 1012
1742589695387 0.0 1013
1742589711287 0.0 1014
1742589711895 1.0 1015
1742589726644 0.0 1016
1742589741628 0.0 1017
1742589756512 0.0 1018
1742589771687 0.0 1019
1742589787706 0.0 1020
1742589803823 0.0 1021
1742589819809 0.0 1022
1742589835480 0.0 1023
1742589850893 0.0 1024
1742589865808 0.0 1025
1742589881654 0.0 1026
1742589897094 0.0 1027
1742589912860 0.0 1028
1742589927992 0.0 1029
1742589943655 0.0 1030
1742589958799 0.0 1031
1742589973774 0.0 1032
1742589974562 1.0 1033
1742589989627 0.0 1034
1742590004815 0.0 1035
1742590020527 0.0 1036
1742590021137 1.0 1037
1742590036339 0.0 1038
1742590037343 1.0 1039
1742590038296 1.0 1040
1742590054385 0.0 1041
1742590069785 0.0 1042
1742590084677 0.0 1043
1742590099850 0.0 1044
1742590115133 0.0 1045
1742590130524 0.0 1046
1742590146311 0.0 1047
1742590161786 0.0 1048
1742590177491 0.0 1049
1742590192697 0.0 1050
1742590208248 0.0 1051
1742590224081 0.0 1052
1742590239701 0.0 1053
1742590255539 0.0 1054
1742590270885 0.0 1055
1742590285649 0.0 1056
1742590300410 0.0 1057
1742590315508 0.0 1058
1742590318163 0.0 1059
1742590332923 0.0 1060
1742590347662 0.0 1061
1742590362436 0.0 1062
1742590377151 0.0 1063
1742590392215 0.0 1064
1742590407422 0.0 1065
1742590422373 0.0 1066
1742590437410 0.0 1067
1742590452566 0.0 1068
1742590468123 0.0 1069
1742590483569 0.0 1070
1742590498926 0.0 1071
1742590514377 0.0 1072
1742590529209 0.0 1073
1742590544677 0.0 1074
1742590559812 0.0 1075
1742590575225 0.0 1076
1742590590660 0.0 1077
1742590605890 0.0 1078
1742590613806 0.0 1079
1742590628698 0.0 1080
1742590643980 0.0 1081
1742590659047 0.0 1082
1742590675882 0.0 1083
1742590691629 0.0 1084
1742590707880 0.0 1085
1742590723931 0.0 1086
1742590739494 0.0 1087
1742590755188 0.0 1088
1742590771033 0.0 1089
1742590786131 0.0 1090
1742590801234 0.0 1091
1742590816194 0.0 1092
1742590831108 0.0 1093
1742590846424 0.0 1094
1742590861875 0.0 1095
1742590876706 0.0 1096
1742590879471 0.0 1097
1742590895215 0.0 1098
1742590910761 0.0 1099
1742590926665 0.0 1100
1742590942245 0.0 1101
1742590957035 0.0 1102
1742590973393 0.0 1103
1742590990247 0.0 1104
1742591005940 0.0 1105
1742591021310 0.0 1106
1742591036360 0.0 1107
1742591051548 0.0 1108
1742591067735 0.0 1109
1742591083612 0.0 1110
1742591098468 0.0 1111
1742591099079 1.0 1112
1742591114001 0.0 1113
1742591129793 0.0 1114
1742591145353 0.0 1115
1742591160874 0.0 1116
1742591177452 0.0 1117
1742591193276 0.0 1118
1742591208964 0.0 1119
1742591210819 0.0 1120
1742591225934 0.0 1121
1742591242400 0.0 1122
1742591257888 0.0 1123
1742591273039 0.0 1124
1742591288912 0.0 1125
1742591289517 1.0 1126
1742591305494 0.0 1127
1742591320670 0.0 1128
1742591336637 0.0 1129
1742591352114 0.0 1130
1742591367743 0.0 1131
1742591370968 0.0 1132
1742591385980 0.0 1133
1742591401833 0.0 1134
1742591417328 0.0 1135
1742591432646 0.0 1136
1742591448199 0.0 1137
1742591449009 1.0 1138
1742591464329 0.0 1139
1742591479512 0.0 1140
1742591495222 0.0 1141
1742591510389 0.0 1142
1742591525577 0.0 1143
1742591540494 0.0 1144
1742591555731 0.0 1145
1742591570751 0.0 1146
1742591575377 0.0 1147
1742591590755 0.0 1148
1742591605692 0.0 1149
1742591620868 0.0 1150
1742591636608 0.0 1151
1742591651756 0.0 1152
1742591666676 0.0 1153
1742591681490 0.0 1154
1742591696167 0.0 1155
1742591710780 0.0 1156
1742591725829 0.0 1157
1742591740398 0.0 1158
1742591755864 0.0 1159
1742591771481 0.0 1160
1742591786422 0.0 1161
1742591801979 0.0 1162
1742591804758 0.0 1163
1742591820117 0.0 1164
1742591835036 0.0 1165
1742591850536 0.0 1166
1742591851158 1.0 1167
1742591866472 0.0 1168
1742591881550 0.0 1169
1742591896941 0.0 1170
1742591911837 0.0 1171
1742591926854 0.0 1172
1742591942578 0.0 1173
1742591957594 0.0 1174
1742591972856 0.0 1175
1742591987516 0.0 1176
1742592002529 0.0 1177
1742592017816 0.0 1178
1742592032992 0.0 1179
1742592048073 0.0 1180
1742592062888 0.0 1181
1742592077646 0.0 1182
1742592092813 0.0 1183
1742592107566 0.0 1184
1742592122692 0.0 1185
1742592137420 0.0 1186
1742592152257 0.0 1187
1742592167588 0.0 1188
1742592182692 0.0 1189
1742592197667 0.0 1190
1742592212704 0.0 1191
1742592214780 0.0 1192
1742592229827 0.0 1193
1742592245614 0.0 1194
1742592261088 0.0 1195
1742592277047 0.0 1196
1742592292441 0.0 1197
1742592305827 0.0 1198
1742592321221 0.0 1199
1742592335846 0.0 1200
1742592351305 0.0 1201
1742592366452 0.0 1202
1742592381722 0.0 1203
1742592396904 0.0 1204
1742592411837 0.0 1205
1742592426885 0.0 1206
1742592441859 0.0 1207
1742592446235 0.0 1208
1742592461854 0.0 1209
1742592477614 0.0 1210
1742592492637 0.0 1211
1742592507641 0.0 1212
1742592522802 0.0 1213
1742592537528 0.0 1214
1742592552476 0.0 1215
1742592567498 0.0 1216
1742592582447 0.0 1217
1742592597098 0.0 1218
1742592612117 0.0 1219
1742592626963 0.0 1220
1742592641770 0.0 1221
1742592656913 0.0 1222
1742592672248 0.0 1223
1742592687467 0.0 1224
1742592702819 0.0 1225
1742592718359 0.0 1226
1742592720370 0.0 1227
1742592735605 0.0 1228
1742592751019 0.0 1229
1742592765845 0.0 1230
1742592780894 0.0 1231
1742592796472 0.0 1232
1742592811049 0.0 1233
1742592825853 0.0 1234
1742592840756 0.0 1235
1742592856209 0.0 1236
1742592871504 0.0 1237
1742592886082 0.0 1238
1742592901139 0.0 1239
1742592916215 0.0 1240
1742592931193 0.0 1241
1742592946117 0.0 1242
1742592960823 0.0 1243
1742592975946 0.0 1244
1742592990994 0.0 1245
1742593006426 0.0 1246
1742593022096 0.0 1247
1742593022703 1.0 1248
1742593038495 0.0 1249
1742593054355 0.0 1250
1742593054984 1.0 1251
1742593069663 0.0 1252
1742593084290 0.0 1253
1742593099696 0.0 1254
1742593115077 0.0 1255
1742593129962 0.0 1256
1742593145060 0.0 1257
1742593160205 0.0 1258
1742593175079 0.0 1259
1742593190274 0.0 1260
1742593204856 0.0 1261
1742593219710 0.0 1262
1742593234663 0.0 1263
1742593249609 0.0 1264
1742593264489 0.0 1265
1742593265074 1.0 1266
1742593280004 0.0 1267
1742593294901 0.0 1268
1742593309864 0.0 1269
1742593324780 0.0 1270
1742593340059 0.0 1271
1742593355515 0.0 1272
1742593370906 0.0 1273
1742593386876 0.0 1274
1742593402069 0.0 1275
1742593417750 0.0 1276
1742593432744 0.0 1277
1742593447915 0.0 1278
1742593463400 0.0 1279
1742593464272 1.0 1280
1742593479092 0.0 1281
1742593493732 0.0 1282
1742593508674 0.0 1283
1742593523697 0.0 1284
1742593524516 1.0 1285
1742593539728 0.0 1286
1742593554819 0.0 1287
1742593555417 1.0 1288
1742593569766 0.0 1289
1742593584754 0.0 1290
1742593600179 0.0 1291
1742593600776 1.0 1292
1742593615928 0.0 1293
1742593630457 0.0 1294
1742593645263 0.0 1295
1742593660089 0.0 1296
1742593675169 0.0 1297
1742593690678 0.0 1298
1742593705711 0.0 1299
1742593721387 0.0 1300
1742593722004 1.0 1301
1742593737676 0.0 1302
1742593752771 0.0 1303
1742593767997 0.0 1304
1742593783130 0.0 1305
1742593798113 0.0 1306
1742593813349 0.0 1307
1742593828290 0.0 1308
1742593843260 0.0 1309
1742593858568 0.0 1310
1742593873023 0.0 1311
1742593888360 0.0 1312
1742593903448 0.0 1313
1742593918274 0.0 1314
1742593932871 0.0 1315
1742593947866 0.0 1316
1742593962701 0.0 1317
1742593977417 0.0 1318
1742593992693 0.0 1319
1742594007843 0.0 1320
1742594022625 0.0 1321
1742594037621 0.0 1322
1742594052678 0.0 1323
1742594068031 0.0 1324
1742594082719 0.0 1325
1742594097896 0.0 1326
1742594112882 0.0 1327
1742594127979 0.0 1328
1742594142690 0.0 1329
1742594157791 0.0 1330
1742594173277 0.0 1331
1742594188451 0.0 1332
1742594203626 0.0 1333
1742594218930 0.0 1334
1742594234135 0.0 1335
1742594249382 0.0 1336
1742594264878 0.0 1337
1742594279902 0.0 1338
1742594295737 0.0 1339
1742594311290 0.0 1340
1742594326144 0.0 1341
1742594340848 0.0 1342
1742594355988 0.0 1343
1742594371067 0.0 1344
1742594386099 0.0 1345
1742594401381 0.0 1346
1742594416331 0.0 1347
1742594431165 0.0 1348
1742594447283 0.0 1349
1742594462867 0.0 1350
1742594478813 0.0 1351
1742594494542 0.0 1352
1742594495147 1.0 1353
1742594510160 0.0 1354
1742594525305 0.0 1355
1742594541191 0.0 1356
1742594556969 0.0 1357
1742594572240 0.0 1358
1742594588190 0.0 1359
1742594603122 0.0 1360
1742594618865 0.0 1361
1742594634394 0.0 1362
1742594649646 0.0 1363
1742594664438 0.0 1364
1742594679578 0.0 1365
1742594694680 0.0 1366
1742594709966 0.0 1367
1742594726397 0.0 1368
1742594741693 0.0 1369
1742594756860 0.0 1370
1742594757483 1.0 1371
1742594772704 0.0 1372
1742594787756 0.0 1373
1742594802666 0.0 1374
1742594818122 0.0 1375
1742594833073 0.0 1376
1742594848278 0.0 1377
1742594863197 0.0 1378
1742594874378 1.0 1379
1742594889375 0.0 1380
1742594904263 0.0 1381
1742594919433 0.0 1382
1742594934770 0.0 1383
1742594950394 0.0 1384
1742594965264 0.0 1385
1742594980356 0.0 1386
1742594995907 0.0 1387
1742595011077 0.0 1388
1742595026093 0.0 1389
1742595041289 0.0 1390
1742595056205 0.0 1391
1742595071370 0.0 1392
1742595086017 0.0 1393
1742595100829 0.0 1394
1742595115730 0.0 1395
1742595130938 0.0 1396
1742595146942 0.0 1397
1742595162426 0.0 1398
1742595177615 0.0 1399
1742595193161 0.0 1400
1742595209512 0.0 1401
1742595224712 0.0 1402
1742595239699 0.0 1403
1742595254925 0.0 1404
1742595269781 0.0 1405
1742595284869 0.0 1406
1742595299811 0.0 1407
1742595315038 0.0 1408
1742595329859 0.0 1409
1742595345108 0.0 1410
1742595360029 0.0 1411
1742595375796 0.0 1412
1742595390969 0.0 1413
1742595405970 0.0 1414
1742595421175 0.0 1415
1742595436487 0.0 1416
1742595451618 0.0 1417
1742595466485 0.0 1418
1742595481461 0.0 1419
1742595496532 0.0 1420
1742595511310 0.0 1421
1742595526368 0.0 1422
1742595541482 0.0 1423
1742595556481 0.0 1424
1742595572233 0.0 1425
1742595587889 0.0 1426
1742595602418 0.0 1427
1742595617035 0.0 1428
1742595631977 0.0 1429
1742595646715 0.0 1430
1742595661675 0.0 1431
1742595676765 0.0 1432
1742595692104 0.0 1433
1742595707603 0.0 1434
1742595722769 0.0 1435
1742595723398 1.0 1436
1742595738598 0.0 1437
1742595753234 0.0 1438
1742595768369 0.0 1439
1742595783607 0.0 1440
1742595798685 0.0 1441
1742595813727 0.0 1442
1742595828974 0.0 1443
1742595843877 0.0 1444
1742595859363 0.0 1445
1742595860171 1.0 1446
1742595875457 0.0 1447
1742595890351 0.0 1448
1742595905645 0.0 1449
1742595920638 0.0 1450
1742595935727 0.0 1451
1742595951240 0.0 1452
1742595967024 0.0 1453
1742595981833 0.0 1454
1742595996652 0.0 1455
1742596012068 0.0 1456
1742596026733 0.0 1457
1742596042255 0.0 1458
1742596055564 0.0 1459
1742596070924 0.0 1460
1742596086656 0.0 1461
1742596100432 0.0 1462
1742596108138 0.0 1463
1742596123422 0.0 1464
1742596138285 0.0 1465
1742596144928 1.0 1466
1742596160114 0.0 1467
1742596175299 0.0 1468
1742596190259 0.0 1469
1742596205198 0.0 1470
1742596220498 0.0 1471
1742596235840 0.0 1472
1742596236472 1.0 1473
1742596251735 0.0 1474
1742596267061 0.0 1475
1742596282289 0.0 1476
1742596298801 0.0 1477
1742596313989 0.0 1478
1742596329221 0.0 1479
1742596344342 0.0 1480
1742596359807 0.0 1481
1742596374952 0.0 1482
1742596389889 0.0 1483
1742596405163 0.0 1484
1742596420751 0.0 1485
1742596435600 0.0 1486
1742596450618 0.0 1487
1742596465844 0.0 1488
1742596481053 0.0 1489
1742596496654 0.0 1490
1742596511692 0.0 1491
1742596526412 0.0 1492
1742596541022 0.0 1493
1742596555608 0.0 1494
1742596570097 0.0 1495
1742596584758 0.0 1496
1742596599474 0.0 1497
1742596613937 0.0 1498
1742596628552 0.0 1499
1742596643363 0.0 1500
1742596644007 1.0 1501
1742596659077 0.0 1502
1742596673817 0.0 1503
1742596674424 1.0 1504
1742596689205 0.0 1505
1742596703898 0.0 1506
1742596718708 0.0 1507
1742596719323 1.0 1508
1742596733997 0.0 1509
1742596748804 0.0 1510
1742596763421 0.0 1511
1742596778434 0.0 1512
1742596793833 0.0 1513
1742596796078 0.0 1514
1742596811149 0.0 1515
1742596826151 0.0 1516
1742596841222 0.0 1517
1742596841832 1.0 1518
1742596856381 0.0 1519
1742596856993 1.0 1520
1742596872306 0.0 1521
1742596887150 0.0 1522
1742596901783 0.0 1523
1742596917498 0.0 1524
1742596932475 0.0 1525
1742596933078 1.0 1526
1742596948247 0.0 1527
1742596963605 0.0 1528
1742596978434 0.0 1529
1742596993632 0.0 1530
1742597008747 0.0 1531
1742597024424 0.0 1532
1742597039792 0.0 1533
1742597055084 0.0 1534
1742597069987 0.0 1535
1742597085079 0.0 1536
1742597100275 0.0 1537
1742597110400 1.0 1538
1742597125469 0.0 1539
1742597140690 0.0 1540
1742597155532 0.0 1541
1742597170646 0.0 1542
1742597185526 0.0 1543
1742597200456 0.0 1544
1742597214943 0.0 1545
1742597229786 0.0 1546
1742597244540 0.0 1547
1742597259209 0.0 1548
1742597273920 0.0 1549
1742597274531 1.0 1550
1742597289156 0.0 1551
1742597304200 0.0 1552
1742597319193 0.0 1553
1742597333711 0.0 1554
1742597334317 1.0 1555
1742597349202 0.0 1556
1742597364453 0.0 1557
1742597379936 0.0 1558
1742597394667 0.0 1559
1742597409876 0.0 1560
1742597425237 0.0 1561
1742597440054 0.0 1562
1742597454996 0.0 1563
1742597469980 0.0 1564
1742597485243 0.0 1565
1742597499958 0.0 1566
1742597515031 0.0 1567
1742597529805 0.0 1568
1742597544871 0.0 1569
1742597559551 0.0 1570
1742597574345 0.0 1571
1742597589343 0.0 1572
1742597604354 0.0 1573
1742597619551 0.0 1574
1742597634283 0.0 1575
1742597649105 0.0 1576
1742597663813 0.0 1577
1742597678786 0.0 1578
1742597680814 0.0 1579
1742597696143 0.0 1580
1742597710907 0.0 1581
1742597725688 0.0 1582
1742597740664 0.0 1583
1742597755564 0.0 1584
1742597756576 1.0 1585
1742597771859 0.0 1586
1742597786781 0.0 1587
1742597801556 0.0 1588
1742597816394 0.0 1589
1742597831729 0.0 1590
1742597846664 0.0 1591
1742597862080 0.0 1592
1742597877095 0.0 1593
1742597892121 0.0 1594
1742597907351 0.0 1595
1742597922565 0.0 1596
1742597925556 0.0 1597
1742597940202 0.0 1598
1742597954664 0.0 1599
1742597969891 0.0 1600
1742597984714 0.0 1601
1742597999792 0.0 1602
1742598014724 0.0 1603
1742598029879 0.0 1604
1742598045292 0.0 1605
1742598060872 0.0 1606
1742598076085 0.0 1607
1742598091225 0.0 1608
1742598106096 0.0 1609
1742598121190 0.0 1610
1742598136863 0.0 1611
1742598152022 0.0 1612
1742598167647 0.0 1613
1742598182850 0.0 1614
1742598198081 0.0 1615
1742598198681 1.0 1616
1742598213979 0.0 1617
1742598228884 0.0 1618
1742598243848 0.0 1619
1742598258738 0.0 1620
1742598274057 0.0 1621
1742598288607 0.0 1622
1742598303251 0.0 1623
1742598317765 0.0 1624
1742598332324 0.0 1625
1742598347175 0.0 1626
1742598361860 0.0 1627
1742598376885 0.0 1628
1742598392345 0.0 1629
1742598407425 0.0 1630
1742598422827 0.0 1631
1742598437569 0.0 1632
1742598452760 0.0 1633
1742598453368 1.0 1634
1742598453968 1.0 1635
1742598469453 0.0 1636
1742598484344 0.0 1637
1742598499595 0.0 1638
1742598514702 0.0 1639
1742598530302 0.0 1640
1742598545674 0.0 1641
1742598560220 0.0 1642
1742598560836 1.0 1643
1742598575505 0.0 1644
1742598590589 0.0 1645
1742598605668 0.0 1646
1742598620714 0.0 1647
1742598635413 0.0 1648
1742598637421 1.0 1649
1742598652300 0.0 1650
1742598667311 0.0 1651
1742598682107 0.0 1652
1742598696883 0.0 1653
1742598699757 0.0 1654
1742598700348 1.0 1655
1742598715900 0.0 1656
1742598731335 0.0 1657
1742598746215 0.0 1658
1742598761301 0.0 1659
1742598776198 0.0 1660
1742598790865 0.0 1661
1742598805969 0.0 1662
1742598820829 0.0 1663
1742598835801 0.0 1664
1742598851437 0.0 1665
1742598866714 0.0 1666
1742598882146 0.0 1667
1742598897465 0.0 1668
1742598898085 1.0 1669
1742598913647 0.0 1670
1742598928587 0.0 1671
1742598943562 0.0 1672
1742598958696 0.0 1673
1742598974589 0.0 1674
1742598989957 0.0 1675
1742598990567 1.0 1676
1742599005888 0.0 1677
1742599021486 0.0 1678
1742599036801 0.0 1679
1742599052126 0.0 1680
1742599067025 0.0 1681
1742599082182 0.0 1682
1742599097600 0.0 1683
1742599098197 1.0 1684
1742599113372 0.0 1685
1742599128541 0.0 1686
1742599143571 0.0 1687
1742599159021 0.0 1688
1742599174317 0.0 1689
1742599189725 0.0 1690
1742599205302 0.0 1691
1742599220657 0.0 1692
1742599221276 1.0 1693
1742599237054 0.0 1694
1742599252528 0.0 1695
1742599267852 0.0 1696
1742599282988 0.0 1697
1742599297890 0.0 1698
1742599298498 1.0 1699
1742599313063 0.0 1700
1742599327839 0.0 1701
1742599342414 0.0 1702
1742599357208 0.0 1703
1742599372506 0.0 1704
1742599375727 0.0 1705
1742599390928 0.0 1706
1742599406022 0.0 1707
1742599421250 0.0 1708
1742599436249 0.0 1709
1742599451405 0.0 1710
1742599466003 0.0 1711
1742599480827 0.0 1712
1742599496581 0.0 1713
1742599511751 0.0 1714
1742599527133 0.0 1715
1742599542209 0.0 1716
1742599557244 0.0 1717
1742599572244 0.0 1718
1742599587398 0.0 1719
1742599602020 0.0 1720
1742599616529 0.0 1721
1742599631601 0.0 1722
1742599636127 0.0 1723
1742599650775 0.0 1724
1742599666107 0.0 1725
1742599681019 0.0 1726
1742599695910 0.0 1727
1742599710873 0.0 1728
1742599726443 0.0 1729
1742599741697 0.0 1730
1742599757195 0.0 1731
1742599772433 0.0 1732
1742599787482 0.0 1733
1742599802409 0.0 1734
1742599817936 0.0 1735
1742599833205 0.0 1736
1742599848522 0.0 1737
1742599863310 0.0 1738
1742599878458 0.0 1739
1742599893554 0.0 1740
1742599908957 0.0 1741
1742599924216 0.0 1742
1742599939242 0.0 1743
1742599954316 0.0 1744
1742599969138 0.0 1745
1742599984021 0.0 1746
1742599998682 0.0 1747
1742600014246 0.0 1748
1742600014864 1.0 1749
1742600030280 0.0 1750
1742600045524 0.0 1751
1742600060754 0.0 1752
1742600061371 1.0 1753
1742600076481 0.0 1754
1742600077105 1.0 1755
1742600091548 0.0 1756
1742600106917 0.0 1757
1742600122258 0.0 1758
1742600137062 0.0 1759
1742600151765 0.0 1760
1742600167539 0.0 1761
1742600168204 1.0 1762
1742600183311 0.0 1763
1742600198394 0.0 1764
1742600199020 1.0 1765
1742600215039 0.0 1766
1742600230443 0.0 1767
1742600245711 0.0 1768
1742600261095 0.0 1769
1742600276385 0.0 1770
1742600291307 0.0 1771
1742600306067 0.0 1772
1742600321054 0.0 1773
1742600336561 0.0 1774
1742600351551 0.0 1775
1742600366330 0.0 1776
1742600381331 0.0 1777
1742600396113 0.0 1778
1742600411074 0.0 1779
1742600426246 0.0 1780
1742600441285 0.0 1781
1742600456998 0.0 1782
1742600472214 0.0 1783
1742600487321 0.0 1784
1742600502310 0.0 1785
1742600517079 0.0 1786
1742600532240 0.0 1787
1742600548094 0.0 1788
1742600562935 0.0 1789
1742600577835 0.0 1790
1742600592626 0.0 1791
1742600607443 0.0 1792
1742600622436 0.0 1793
1742600637212 0.0 1794
1742600651909 0.0 1795
1742600666548 0.0 1796
1742600681583 0.0 1797
1742600696065 0.0 1798
1742600711891 0.0 1799
1742600726320 0.0 1800
1742600741740 0.0 1801
1742600756388 0.0 1802
1742600770913 0.0 1803
1742600786138 0.0 1804
1742600800965 0.0 1805
1742600815930 0.0 1806
1742600831148 0.0 1807
1742600846284 0.0 1808
1742600861493 0.0 1809
1742600876907 0.0 1810
1742600877527 1.0 1811
1742600892627 0.0 1812
1742600907884 0.0 1813
1742600922996 0.0 1814
1742600923621 1.0 1815
1742600939317 0.0 1816
1742600954433 0.0 1817
1742600969089 0.0 1818
1742600983860 0.0 1819
1742600998604 0.0 1820
1742601014016 0.0 1821
1742601028557 0.0 1822
1742601043327 0.0 1823
1742601058138 0.0 1824
1742601060493 0.0 1825
1742601075644 0.0 1826
1742601090462 0.0 1827
1742601091070 1.0 1828
1742601105984 0.0 1829
1742601120508 0.0 1830
1742601135856 0.0 1831
1742601151252 0.0 1832
1742601166002 0.0 1833
1742601180666 0.0 1834
1742601195474 0.0 1835
1742601210252 0.0 1836
1742601212285 0.0 1837
1742601213248 1.0 1838
1742601228369 0.0 1839
1742601242933 0.0 1840
1742601257430 0.0 1841
1742601272323 0.0 1842
1742601287419 0.0 1843
1742601302816 0.0 1844
1742601317962 0.0 1845
1742601332831 0.0 1846
1742601347669 0.0 1847
1742601362164 0.0 1848
1742601377138 0.0 1849
1742601392075 0.0 1850
1742601407292 0.0 1851
1742601422412 0.0 1852
1742601437275 0.0 1853
1742601452053 0.0 1854
1742601452678 1.0 1855
1742601467743 0.0 1856
1742601482711 0.0 1857
1742601497667 0.0 1858
1742601512979 0.0 1859
1742601529017 0.0 1860
1742601544806 0.0 1861
1742601560258 0.0 1862
1742601575145 0.0 1863
1742601575767 1.0 1864
1742601590789 0.0 1865
1742601591596 1.0 1866
1742601607170 0.0 1867
1742601609088 0.0 1868
1742601624529 0.0 1869
1742601639321 0.0 1870
1742601654081 0.0 1871
1742601668840 0.0 1872
1742601683897 0.0 1873
1742601688480 0.0 1874
1742601703677 0.0 1875
1742601718600 0.0 1876
1742601734006 0.0 1877
1742601748828 0.0 1878
1742601763529 0.0 1879
1742601778493 0.0 1880
1742601794031 0.0 1881
1742601808610 0.0 1882
1742601824726 0.0 1883
1742601839747 0.0 1884
1742601855108 0.0 1885
1742601870658 0.0 1886
1742601885652 0.0 1887
1742601900576 0.0 1888
1742601915121 0.0 1889
1742601930064 0.0 1890
1742601945179 0.0 1891
1742601960132 0.0 1892
1742601975338 0.0 1893
1742601990403 0.0 1894
1742602005212 0.0 1895
1742602020501 0.0 1896
1742602035331 0.0 1897
1742602050526 0.0 1898
1742602052520 0.0 1899
1742602067483 0.0 1900
1742602082474 0.0 1901
1742602097227 0.0 1902
1742602112165 0.0 1903
1742602126925 0.0 1904
1742602141552 0.0 1905
1742602156160 0.0 1906
1742602156781 1.0 1907
1742602171584 0.0 1908
1742602186723 0.0 1909
1742602201740 0.0 1910
1742602202363 1.0 1911
1742602202974 1.0 1912
1742602210253 1.0 1913
1742602224971 0.0 1914
1742602240116 0.0 1915
1742602241045 1.0 1916
1742602256365 0.0 1917
1742602271633 0.0 1918
1742602286430 0.0 1919
1742602301666 0.0 1920
1742602316404 0.0 1921
1742602331619 0.0 1922
1742602347253 0.0 1923
1742602362636 0.0 1924
1742602378054 0.0 1925
1742602394014 0.0 1926
1742602409457 0.0 1927
1742602425459 0.0 1928
1742602440436 0.0 1929
1742602455355 0.0 1930
1742602455973 1.0 1931
1742602471205 0.0 1932
1742602486382 0.0 1933
1742602486990 1.0 1934
1742602502177 0.0 1935
1742602517245 0.0 1936
1742602532152 0.0 1937
1742602546854 0.0 1938
1742602561731 0.0 1939
1742602576479 0.0 1940
1742602590965 0.0 1941
1742602605919 0.0 1942
1742602621279 0.0 1943
1742602637141 0.0 1944
1742602652345 0.0 1945
1742602667653 0.0 1946
1742602683093 0.0 1947
1742602697915 0.0 1948
1742602712918 0.0 1949
1742602727876 0.0 1950
1742602728480 1.0 1951
1742602729082 1.0 1952
1742602744150 0.0 1953
1742602759319 0.0 1954
1742602774832 0.0 1955
1742602775424 1.0 1956
1742602790441 0.0 1957
1742602805229 0.0 1958
1742602819750 0.0 1959
1742602834588 0.0 1960
1742602849980 0.0 1961
1742602865384 0.0 1962
1742602880432 0.0 1963
1742602881058 1.0 1964
1742602896523 0.0 1965
1742602911622 0.0 1966
1742602926697 0.0 1967
1742602941384 0.0 1968
1742602956350 0.0 1969
1742602971517 0.0 1970
1742602986639 0.0 1971
1742602987454 1.0 1972
1742603002400 0.0 1973
1742603017405 0.0 1974
1742603032421 0.0 1975
1742603047498 0.0 1976
1742603048109 1.0 1977
1742603062915 0.0 1978
1742603077876 0.0 1979
1742603092550 0.0 1980
1742603107307 0.0 1981
1742603121801 0.0 1982
1742603136917 0.0 1983
1742603151677 0.0 1984
1742603166819 0.0 1985
1742603181553 0.0 1986
1742603196770 0.0 1987
1742603211583 0.0 1988
1742603226448 0.0 1989
1742603241077 0.0 1990
1742603256284 0.0 1991
1742603271130 0.0 1992
1742603286091 0.0 1993
1742603300965 0.0 1994
1742603316224 0.0 1995
1742603331654 0.0 1996
1742603347439 0.0 1997
1742603363014 0.0 1998
1742603378083 0.0 1999
1742603393425 0.0 2000
1742603408394 0.0 2001
1742603423143 0.0 2002
1742603423767 1.0 2003
1742603438590 0.0 2004
1742603453421 0.0 2005
1742603468413 0.0 2006
1742603483686 0.0 2007
1742603498293 0.0 2008
1742603512976 0.0 2009
1742603527774 0.0 2010
1742603543087 0.0 2011
1742603557901 0.0 2012
1742603572908 0.0 2013
1742603587528 0.0 2014
1742603602458 0.0 2015
1742603617216 0.0 2016
1742603630135 1.0 2017
1742603645744 0.0 2018
1742603651415 0.0 2019
1742603666414 0.0 2020
1742603681454 0.0 2021
1742603682076 1.0 2022
1742603697026 0.0 2023
1742603712027 0.0 2024
1742603726868 0.0 2025
1742603741591 0.0 2026
1742603756371 0.0 2027
1742603771484 0.0 2028
1742603786306 0.0 2029
1742603801386 0.0 2030
1742603816367 0.0 2031
1742603831384 0.0 2032
1742603846463 0.0 2033
1742603861817 0.0 2034
1742603877149 0.0 2035
1742603891968 0.0 2036
1742603907096 0.0 2037
1742603921616 0.0 2038
1742603936700 0.0 2039
1742603951553 0.0 2040
1742603967066 0.0 2041
1742603981932 0.0 2042
1742603996869 0.0 2043
1742603997493 1.0 2044
1742604012558 0.0 2045
1742604028056 0.0 2046
1742604042908 0.0 2047
1742604058384 0.0 2048
1742604073592 0.0 2049
1742604089131 0.0 2050
1742604089744 1.0 2051
1742604105084 0.0 2052
1742604120375 0.0 2053
1742604135075 0.0 2054
1742604150838 0.0 2055
1742604165714 0.0 2056
1742604180990 0.0 2057
1742604195838 0.0 2058
1742604210639 0.0 2059
1742604225980 0.0 2060
1742604241070 0.0 2061
1742604256375 0.0 2062
1742604271077 0.0 2063
1742604286100 0.0 2064
1742604301123 0.0 2065
1742604316141 0.0 2066
1742604316737 1.0 2067
1742604332056 0.0 2068
1742604347241 0.0 2069
1742604362400 0.0 2070
1742604377442 0.0 2071
1742604392422 0.0 2072
1742604407389 0.0 2073
1742604422413 0.0 2074
1742604437717 0.0 2075
1742604452393 0.0 2076
1742604467181 0.0 2077
1742604481989 0.0 2078
1742604489745 0.0 2079
1742604491700 0.0 2080
1742604493593 0.0 2081
1742604508690 0.0 2082
1742604523177 0.0 2083
1742604538277 0.0 2084
1742604553614 0.0 2085
1742604568562 0.0 2086
1742604583977 0.0 2087
1742604599115 0.0 2088
1742604614510 0.0 2089
1742604630046 0.0 2090
1742604645253 0.0 2091
1742604660234 0.0 2092
1742604675231 0.0 2093
1742604690559 0.0 2094
1742604705959 0.0 2095
1742604721089 0.0 2096
1742604736725 0.0 2097
1742604751426 0.0 2098
1742604766371 0.0 2099
1742604781464 0.0 2100
1742604796530 0.0 2101
1742604811832 0.0 2102
1742604826966 0.0 2103
1742604842236 0.0 2104
1742604857072 0.0 2105
1742604872285 0.0 2106
1742604886950 0.0 2107
1742604901989 0.0 2108
1742604917054 0.0 2109
1742604932061 0.0 2110
1742604947412 0.0 2111
1742604962809 0.0 2112
1742604977964 0.0 2113
1742604992945 0.0 2114
1742605008239 0.0 2115
1742605022879 0.0 2116
1742605038333 0.0 2117
1742605053840 0.0 2118
1742605068944 0.0 2119
1742605084163 0.0 2120
1742605098991 0.0 2121
1742605099610 1.0 2122
1742605114558 0.0 2123
1742605129584 0.0 2124
1742605144717 0.0 2125
1742605159203 0.0 2126
1742605174482 0.0 2127
1742605189549 0.0 2128
1742605204704 0.0 2129
1742605219591 0.0 2130
1742605234893 0.0 2131
1742605250761 0.0 2132
1742605266093 0.0 2133
1742605280836 0.0 2134
1742605295496 0.0 2135
1742605310419 0.0 2136
1742605325402 0.0 2137
1742605341129 0.0 2138
1742605356353 0.0 2139
1742605372362 0.0 2140
1742605387231 0.0 2141
1742605402507 0.0 2142
1742605417178 0.0 2143
1742605432580 0.0 2144
1742605447785 0.0 2145
1742605463061 0.0 2146
1742605477944 0.0 2147
1742605492755 0.0 2148
1742605507254 0.0 2149
1742605522297 0.0 2150
1742605537175 0.0 2151
1742605552312 0.0 2152
1742605553318 1.0 2153
1742605568373 0.0 2154
1742605583378 0.0 2155
1742605598612 0.0 2156
1742605614004 0.0 2157
1742605628563 0.0 2158
1742605643333 0.0 2159
1742605658880 0.0 2160
1742605674222 0.0 2161
1742605689420 0.0 2162
1742605704708 0.0 2163
1742605720410 0.0 2164
1742605735474 0.0 2165
1742605750738 0.0 2166
1742605765867 0.0 2167
1742605781001 0.0 2168
1742605795714 0.0 2169
1742605796324 1.0 2170
1742605811170 0.0 2171
1742605811783 1.0 2172
1742605826622 0.0 2173
1742605841950 0.0 2174
1742605856795 0.0 2175
1742605871776 0.0 2176
1742605886884 0.0 2177
1742605901952 0.0 2178
1742605917539 0.0 2179
1742605932286 0.0 2180
1742605947794 0.0 2181
1742605962904 0.0 2182
1742605977887 0.0 2183
1742605992854 0.0 2184
1742606007695 0.0 2185
1742606022574 0.0 2186
1742606037225 0.0 2187
1742606052605 0.0 2188
1742606053451 1.0 2189
1742606068840 0.0 2190
1742606083962 0.0 2191
1742606098740 0.0 2192
1742606114249 0.0 2193
1742606129661 0.0 2194
1742606144850 0.0 2195
1742606160159 0.0 2196
1742606175000 0.0 2197
1742606189723 0.0 2198
1742606204504 0.0 2199
1742606219573 0.0 2200
1742606234632 0.0 2201
1742606249316 0.0 2202
1742606264111 0.0 2203
1742606279458 0.0 2204
1742606294500 0.0 2205
1742606309882 0.0 2206
1742606324956 0.0 2207
1742606339937 0.0 2208
1742606355121 0.0 2209
1742606370509 0.0 2210
1742606386160 0.0 2211
1742606401545 0.0 2212
1742606402180 1.0 2213
1742606416995 0.0 2214
1742606432043 0.0 2215
1742606432648 1.0 2216
1742606448361 0.0 2217
1742606463336 0.0 2218
1742606478170 0.0 2219
1742606493076 0.0 2220
1742606507939 0.0 2221
1742606523292 0.0 2222
1742606538036 0.0 2223
1742606538864 1.0 2224
1742606553813 0.0 2225
1742606568742 0.0 2226
1742606583767 0.0 2227
1742606599142 0.0 2228
1742606614336 0.0 2229
1742606629708 0.0 2230
1742606644797 0.0 2231
1742606660020 0.0 2232
1742606675020 0.0 2233
1742606690330 0.0 2234
1742606705861 0.0 2235
1742606721392 0.0 2236
1742606736828 0.0 2237
1742606752568 0.0 2238
1742606768088 0.0 2239
1742606783090 0.0 2240
1742606798363 0.0 2241
1742606813882 0.0 2242
1742606829656 0.0 2243
1742606844424 0.0 2244
1742606859971 0.0 2245
1742606874915 0.0 2246
1742606890003 0.0 2247
1742606905554 0.0 2248
1742606920375 0.0 2249
1742606935496 0.0 2250
1742606947658 0.0 2251
1742606948506 1.0 2252
1742606963607 0.0 2253
1742606978262 0.0 2254
1742606980891 0.0 2255
1742606995879 0.0 2256
1742607011029 0.0 2257
1742607025826 0.0 2258
1742607040726 0.0 2259
1742607055711 0.0 2260
1742607070276 0.0 2261
1742607085393 0.0 2262
1742607100894 0.0 2263
1742607116181 0.0 2264
1742607131632 0.0 2265
1742607146658 0.0 2266
1742607161987 0.0 2267
1742607177105 0.0 2268
1742607192355 0.0 2269
1742607207531 0.0 2270
1742607222508 0.0 2271
1742607237785 0.0 2272
1742607253089 0.0 2273
1742607268319 0.0 2274
1742607283564 0.0 2275
1742607298374 0.0 2276
1742607313408 0.0 2277
1742607328859 0.0 2278
1742607344098 0.0 2279
1742607359789 0.0 2280
1742607375156 0.0 2281
1742607389993 0.0 2282
1742607405353 0.0 2283
1742607420327 0.0 2284
1742607435678 0.0 2285
1742607451554 0.0 2286
1742607466600 0.0 2287
1742607481571 0.0 2288
1742607496504 0.0 2289
1742607511597 0.0 2290
1742607526688 0.0 2291
1742607541976 0.0 2292
1742607557419 0.0 2293
1742607572980 0.0 2294
1742607588029 0.0 2295
1742607602829 0.0 2296
1742607603447 1.0 2297
1742607618131 0.0 2298
1742607633211 0.0 2299
1742607648970 0.0 2300
1742607664889 0.0 2301
1742607680122 0.0 2302
1742607695164 0.0 2303
1742607695793 1.0 2304
1742607711016 0.0 2305
1742607726763 0.0 2306
1742607742148 0.0 2307
1742607742972 1.0 2308
1742607758726 0.0 2309
1742607760568 0.0 2310
1742607775947 0.0 2311
1742607791769 0.0 2312
1742607807516 0.0 2313
1742607822788 0.0 2314
1742607838059 0.0 2315
1742607853047 0.0 2316
1742607867631 0.0 2317
1742607883061 0.0 2318
1742607898179 0.0 2319
1742607912969 0.0 2320
1742607928320 0.0 2321
1742607943507 0.0 2322
1742607958840 0.0 2323
1742607973944 0.0 2324
1742607988866 0.0 2325
1742608004493 0.0 2326
1742608019895 0.0 2327
1742608035043 0.0 2328
1742608035873 1.0 2329
1742608050637 0.0 2330
1742608065690 0.0 2331
1742608081040 0.0 2332
1742608096221 0.0 2333
1742608111518 0.0 2334
1742608127207 0.0 2335
1742608142962 0.0 2336
1742608157754 0.0 2337
1742608172890 0.0 2338
1742608188360 0.0 2339
1742608203078 0.0 2340
1742608203695 1.0 2341
1742608218521 0.0 2342
1742608233299 0.0 2343
1742608248357 0.0 2344
1742608263897 0.0 2345
1742608264537 1.0 2346
1742608279283 0.0 2347
1742608294086 0.0 2348
1742608308773 0.0 2349
1742608323633 0.0 2350
1742608338785 0.0 2351
1742608353649 0.0 2352
1742608369128 0.0 2353
1742608386256 0.0 2354
1742608392854 0.0 2355
1742608408577 0.0 2356
1742608409440 1.0 2357
1742608425690 0.0 2358
1742608441060 0.0 2359
1742608456490 0.0 2360
1742608472039 0.0 2361
1742608474136 0.0 2362
1742608489401 0.0 2363
1742608504595 0.0 2364
1742608519519 0.0 2365
1742608534355 0.0 2366
1742608549548 0.0 2367
1742608564774 0.0 2368
1742608579633 0.0 2369
1742608595018 0.0 2370
1742608610254 0.0 2371
1742608625267 0.0 2372
1742608640175 0.0 2373
1742608655224 0.0 2374
1742608670151 0.0 2375
1742608684995 0.0 2376
1742608699879 0.0 2377
1742608715009 0.0 2378
1742608730012 0.0 2379
1742608745134 0.0 2380
1742608760502 0.0 2381
1742608775366 0.0 2382
1742608790465 0.0 2383
1742608805463 0.0 2384
1742608821228 0.0 2385
1742608836163 0.0 2386
1742608851239 0.0 2387
1742608866462 0.0 2388
1742608882164 0.0 2389
1742608897053 0.0 2390
1742608911972 0.0 2391
1742608927960 0.0 2392
1742608943522 0.0 2393
1742608958691 0.0 2394
1742608974057 0.0 2395
1742608988944 0.0 2396
1742609003992 0.0 2397
1742609019406 0.0 2398
1742609020037 1.0 2399
1742609035782 0.0 2400
1742609051089 0.0 2401
1742609053180 0.0 2402
1742609056502 0.0 2403
1742609071806 0.0 2404
1742609087088 0.0 2405
1742609102501 0.0 2406
1742609117774 0.0 2407
1742609119729 0.0 2408
1742609135201 0.0 2409
1742609150247 0.0 2410
1742609165909 0.0 2411
1742609180964 0.0 2412
1742609196152 0.0 2413
1742609211412 0.0 2414
1742609226343 0.0 2415
1742609241604 0.0 2416
1742609242240 1.0 2417
1742609257356 0.0 2418
1742609272082 0.0 2419
1742609287892 0.0 2420
1742609303581 0.0 2421
1742609319051 0.0 2422
1742609334736 0.0 2423
1742609350506 0.0 2424
1742609366762 0.0 2425
1742609382152 0.0 2426
1742609397557 0.0 2427
1742609412677 0.0 2428
1742609428024 0.0 2429
1742609443170 0.0 2430
1742609458222 0.0 2431
1742609474043 0.0 2432
1742609489294 0.0 2433
1742609504249 0.0 2434
1742609519940 0.0 2435
1742609535244 0.0 2436
1742609551191 0.0 2437
1742609566566 0.0 2438
1742609581711 0.0 2439
1742609596537 0.0 2440
1742609612067 0.0 2441
1742609626851 0.0 2442
1742609641757 0.0 2443
1742609656775 0.0 2444
1742609671585 0.0 2445
1742609686728 0.0 2446
1742609702688 0.0 2447
1742609717809 0.0 2448
1742609732869 0.0 2449
1742609747961 0.0 2450
1742609763321 0.0 2451
1742609778763 0.0 2452
1742609793664 0.0 2453
1742609809428 0.0 2454
1742609824409 0.0 2455
1742609839673 0.0 2456
1742609854790 0.0 2457
1742609870541 0.0 2458
1742609885752 0.0 2459
1742609901248 0.0 2460
1742609916527 0.0 2461
1742609931505 0.0 2462
1742609946392 0.0 2463
1742609961836 0.0 2464
1742609976766 0.0 2465
1742609991735 0.0 2466
1742610006739 0.0 2467
1742610022110 0.0 2468
1742610037721 0.0 2469
1742610053012 0.0 2470
1742610067953 0.0 2471
1742610083120 0.0 2472
1742610098091 0.0 2473
1742610113363 0.0 2474
1742610128490 0.0 2475
1742610144299 0.0 2476
1742610159924 0.0 2477
1742610174948 0.0 2478
1742610190404 0.0 2479
1742610206527 0.0 2480
1742610222205 0.0 2481
1742610237463 0.0 2482
1742610252694 0.0 2483
1742610268196 0.0 2484
1742610268819 1.0 2485
1742610283830 0.0 2486
1742610298890 0.0 2487
1742610314622 0.0 2488
1742610330226 0.0 2489
1742610344902 0.0 2490
1742610360609 0.0 2491
1742610361234 1.0 2492
1742610374696 0.0 2493
1742610389445 0.0 2494
1742610404592 0.0 2495
1742610420277 0.0 2496
1742610435664 0.0 2497
1742610450809 0.0 2498
1742610466093 0.0 2499
1742610481345 0.0 2500
1742610496668 0.0 2501
1742610497292 1.0 2502
1742610512706 0.0 2503
1742610528052 0.0 2504
1742610543381 0.0 2505
1742610559035 0.0 2506
1742610574277 0.0 2507
1742610589920 0.0 2508
1742610605022 0.0 2509
1742610620366 0.0 2510
1742610635426 0.0 2511
1742610650831 0.0 2512
1742610665923 0.0 2513
1742610680955 0.0 2514
1742610681593 1.0 2515
1742610696967 0.0 2516
1742610712489 0.0 2517
1742610728239 0.0 2518
1742610743277 0.0 2519
1742610759100 0.0 2520
1742610775395 0.0 2521
1742610791274 0.0 2522
1742610807083 0.0 2523
1742610822333 0.0 2524
1742610837557 0.0 2525
1742610853263 0.0 2526
1742610868625 0.0 2527
1742610884100 0.0 2528
1742610899438 0.0 2529
1742610914854 0.0 2530
1742610930597 0.0 2531
1742610945816 0.0 2532
1742610961336 0.0 2533
1742610976534 0.0 2534
1742610992043 0.0 2535
1742611007054 0.0 2536
1742611022322 0.0 2537
1742611037354 0.0 2538
1742611052175 0.0 2539
1742611067135 0.0 2540
1742611082086 0.0 2541
1742611097217 0.0 2542
1742611112483 0.0 2543
1742611127997 0.0 2544
1742611143188 0.0 2545
1742611158143 0.0 2546
1742611173378 0.0 2547
1742611188295 0.0 2548
1742611203623 0.0 2549
1742611218887 0.0 2550
1742611234120 0.0 2551
1742611249236 0.0 2552
1742611265287 0.0 2553
1742611280809 0.0 2554
1742611295780 0.0 2555
1742611310806 0.0 2556
1742611325775 0.0 2557
1742611340669 0.0 2558
1742611355548 0.0 2559
1742611370293 0.0 2560
1742611385077 0.0 2561
1742611400417 0.0 2562
1742611415249 0.0 2563
1742611430479 0.0 2564
1742611431131 1.0 2565
1742611446445 0.0 2566
1742611461719 0.0 2567
1742611476496 0.0 2568
1742611491518 0.0 2569
1742611506881 0.0 2570
1742611521714 0.0 2571
1742611536599 0.0 2572
1742611551572 0.0 2573
1742611567610 0.0 2574
1742611583212 0.0 2575
1742611598315 0.0 2576
1742611613089 0.0 2577
1742611628410 0.0 2578
1742611644120 0.0 2579
1742611659114 0.0 2580
1742611674747 0.0 2581
1742611689697 0.0 2582
1742611705112 0.0 2583
1742611720494 0.0 2584
1742611735597 0.0 2585
1742611737422 0.0 2586
1742611752895 0.0 2587
1742611768354 0.0 2588
1742611783398 0.0 2589
1742611798384 0.0 2590
1742611813470 0.0 2591
1742611828675 0.0 2592
1742611843989 0.0 2593
1742611859708 0.0 2594
1742611875377 0.0 2595
1742611890691 0.0 2596
1742611905990 0.0 2597
1742611921245 0.0 2598
1742611921879 1.0 2599
1742611937186 0.0 2600
1742611952751 0.0 2601
1742611968400 0.0 2602
1742611983764 0.0 2603
1742611999169 0.0 2604
1742612014361 0.0 2605
1742612029681 0.0 2606
1742612044734 0.0 2607
1742612059422 0.0 2608
1742612074569 0.0 2609
1742612089553 0.0 2610
1742612104613 0.0 2611
1742612119501 0.0 2612
1742612134519 0.0 2613
1742612149465 0.0 2614
1742612165152 0.0 2615
1742612180629 0.0 2616
1742612195529 0.0 2617
1742612210455 0.0 2618
1742612225287 0.0 2619
1742612240678 0.0 2620
1742612256227 0.0 2621
1742612272022 0.0 2622
1742612287626 0.0 2623
1742612302632 0.0 2624
1742612303299 1.0 2625
1742612303913 1.0 2626
1742612319501 0.0 2627
1742612334624 0.0 2628
1742612350228 0.0 2629
1742612365351 0.0 2630
1742612380007 0.0 2631
1742612395559 0.0 2632
1742612410916 0.0 2633
1742612426041 0.0 2634
1742612440990 0.0 2635
1742612456554 0.0 2636
1742612472352 0.0 2637
1742612487478 0.0 2638
1742612503042 0.0 2639
1742612518371 0.0 2640
1742612533528 0.0 2641
1742612548882 0.0 2642
1742612564215 0.0 2643
1742612579900 0.0 2644
1742612595700 0.0 2645
1742612611208 0.0 2646
1742612626754 0.0 2647
1742612642089 0.0 2648
1742612658194 0.0 2649
1742612673869 0.0 2650
1742612688708 0.0 2651
1742612704396 0.0 2652
1742612719621 0.0 2653
1742612735109 0.0 2654
1742612750393 0.0 2655
1742612765740 0.0 2656
1742612766570 1.0 2657
1742612781848 0.0 2658
1742612797715 0.0 2659
1742612812754 0.0 2660
1742612827802 0.0 2661
1742612842751 0.0 2662
1742612858371 0.0 2663
1742612873221 0.0 2664
1742612888859 0.0 2665
1742612904254 0.0 2666
1742612919771 0.0 2667
1742612935124 0.0 2668
1742612950938 0.0 2669
1742612952852 0.0 2670
1742612968235 0.0 2671
1742612972672 1.0 2672
1742612988504 0.0 2673
1742612989148 1.0 2674
1742613004531 0.0 2675
1742613019934 0.0 2676
1742613035162 0.0 2677
1742613050989 0.0 2678
1742613066574 0.0 2679
1742613082289 0.0 2680
1742613097811 0.0 2681
1742613113597 0.0 2682
1742613128730 0.0 2683
1742613144253 0.0 2684
1742613159271 0.0 2685
1742613160145 1.0 2686
1742613175804 0.0 2687
1742613191479 0.0 2688
1742613206696 0.0 2689
1742613221981 0.0 2690
1742613236977 0.0 2691
1742613237612 1.0 2692
1742613254738 0.0 2693
1742613270047 0.0 2694
1742613285346 0.0 2695
1742613300374 0.0 2696
1742613315621 0.0 2697
1742613330992 0.0 2698
1742613346552 0.0 2699
1742613361779 0.0 2700
1742613377012 0.0 2701
1742613392474 0.0 2702
1742613407833 0.0 2703
1742613423459 0.0 2704
1742613438499 0.0 2705
1742613454253 0.0 2706
1742613468945 0.0 2707
1742613484053 0.0 2708
1742613498982 0.0 2709
1742613514506 0.0 2710
1742613529803 0.0 2711
1742613530405 1.0 2712
1742613531026 1.0 2713
1742613546679 0.0 2714
1742613561766 0.0 2715
1742613577069 0.0 2716
1742613592118 0.0 2717
1742613607095 0.0 2718
1742613622383 0.0 2719
1742613637496 0.0 2720
1742613653083 0.0 2721
1742613668675 0.0 2722
1742613684002 0.0 2723
1742613699254 0.0 2724
1742613715223 0.0 2725
1742613730391 0.0 2726
1742613745602 0.0 2727
1742613760777 0.0 2728
1742613761407 1.0 2729
1742613776604 0.0 2730
1742613791523 0.0 2731
1742613793348 0.0 2732
1742613808789 0.0 2733
1742613824634 0.0 2734
1742613839942 0.0 2735
1742613855251 0.0 2736
1742613870151 0.0 2737
1742613870805 1.0 2738
1742613885690 0.0 2739
1742613900538 0.0 2740
1742613916198 0.0 2741
1742613931365 0.0 2742
1742613947424 0.0 2743
1742613962909 0.0 2744
1742613978444 0.0 2745
1742613993924 0.0 2746
1742614008993 0.0 2747
1742614024037 0.0 2748
1742614039913 0.0 2749
1742614054996 0.0 2750
1742614070473 0.0 2751
1742614085991 0.0 2752
1742614102075 0.0 2753
1742614117521 0.0 2754
1742614132836 0.0 2755
1742614148660 0.0 2756
1742614164224 0.0 2757
1742614180178 0.0 2758
1742614195468 0.0 2759
1742614210918 0.0 2760
1742614226340 0.0 2761
1742614242010 0.0 2762
1742614257025 0.0 2763
1742614272054 0.0 2764
1742614287495 0.0 2765
1742614302860 0.0 2766
1742614317928 0.0 2767
1742614333136 0.0 2768
1742614348795 0.0 2769
1742614363983 0.0 2770
1742614379098 0.0 2771
1742614394441 0.0 2772
1742614410375 0.0 2773
1742614425973 0.0 2774
1742614441045 0.0 2775
1742614441676 1.0 2776
1742614442551 1.0 2777
1742614457705 0.0 2778
1742614473030 0.0 2779
1742614488040 0.0 2780
1742614503256 0.0 2781
1742614505312 0.0 2782
1742614520902 0.0 2783
1742614536444 0.0 2784
1742614551664 0.0 2785
1742614567634 0.0 2786
1742614568260 1.0 2787
1742614583832 0.0 2788
1742614599044 0.0 2789
1742614614849 0.0 2790
1742614629742 0.0 2791
1742614644663 0.0 2792
1742614659588 0.0 2793
1742614674635 0.0 2794
1742614689923 0.0 2795
1742614705267 0.0 2796
1742614720380 0.0 2797
1742614736321 0.0 2798
1742614736954 1.0 2799
1742614752623 0.0 2800
1742614768300 0.0 2801
1742614783653 0.0 2802
1742614798791 0.0 2803
1742614814498 0.0 2804
1742614830302 0.0 2805
1742614845726 0.0 2806
1742614861531 0.0 2807
1742614876790 0.0 2808
1742614892041 0.0 2809
1742614907570 0.0 2810
1742614923346 0.0 2811
1742614938603 0.0 2812
1742614954249 0.0 2813
1742614969911 0.0 2814
1742614985643 0.0 2815
1742615000781 0.0 2816
1742615015882 0.0 2817
1742615031680 0.0 2818
1742615047831 0.0 2819
1742615063381 0.0 2820
1742615079445 0.0 2821
1742615095576 0.0 2822
1742615111266 0.0 2823
1742615127326 0.0 2824
1742615143065 0.0 2825
1742615158934 0.0 2826
1742615160751 0.0 2827
1742615175702 0.0 2828
1742615191230 0.0 2829
1742615206797 0.0 2830
1742615221754 0.0 2831
1742615236932 0.0 2832
1742615252845 0.0 2833
1742615267807 0.0 2834
1742615283468 0.0 2835
1742615298748 0.0 2836
1742615313524 0.0 2837
1742615328767 0.0 2838
1742615344272 0.0 2839
1742615359360 0.0 2840
1742615374574 0.0 2841
1742615389855 0.0 2842
1742615404640 0.0 2843
1742615420111 0.0 2844
1742615435774 0.0 2845
1742615451742 0.0 2846
1742615453859 0.0 2847
1742615469126 0.0 2848
1742615484736 0.0 2849
1742615485370 1.0 2850
1742615487475 0.0 2851
1742615503090 0.0 2852
1742615518435 0.0 2853
1742615533735 0.0 2854
1742615548753 0.0 2855
1742615549386 1.0 2856
1742615565140 0.0 2857
1742615580529 0.0 2858
1742615595782 0.0 2859
1742615611854 0.0 2860
1742615628482 0.0 2861
1742615630644 0.0 2862
1742615631431 1.0 2863
1742615632244 1.0 2864
1742615648256 0.0 2865
1742615663925 0.0 2866
1742615679566 0.0 2867
1742615694385 0.0 2868
1742615709149 0.0 2869
1742615724787 0.0 2870
1742615740294 0.0 2871
1742615755184 0.0 2872
1742615770521 0.0 2873
1742615785956 0.0 2874
1742615786583 1.0 2875
1742615802056 0.0 2876
1742615817438 0.0 2877
1742615832700 0.0 2878
1742615848471 0.0 2879
1742615863268 0.0 2880
1742615876576 1.0 2881
1742615892013 0.0 2882
1742615892650 1.0 2883
1742615893265 1.0 2884
1742615909008 0.0 2885
1742615924079 0.0 2886
1742615939014 0.0 2887
1742615954426 0.0 2888
1742615970261 0.0 2889
1742615985835 0.0 2890
1742616001299 0.0 2891
1742616016882 0.0 2892
1742616032420 0.0 2893
1742616048001 0.0 2894
1742616063992 0.0 2895
1742616079342 0.0 2896
1742616094224 0.0 2897
1742616109898 0.0 2898
1742616125494 0.0 2899
1742616140646 0.0 2900
1742616156156 0.0 2901
1742616172086 0.0 2902
1742616187751 0.0 2903
1742616203116 0.0 2904
1742616218468 0.0 2905
1742616234404 0.0 2906
1742616249689 0.0 2907
1742616265437 0.0 2908
1742616280429 0.0 2909
1742616295295 0.0 2910
1742616310556 0.0 2911
1742616325632 0.0 2912
1742616340889 0.0 2913
1742616356466 0.0 2914
1742616371751 0.0 2915
1742616386939 0.0 2916
1742616402672 0.0 2917
1742616403314 1.0 2918
1742616418881 0.0 2919
1742616434574 0.0 2920
1742616435202 1.0 2921
1742616450079 0.0 2922
1742616465323 0.0 2923
1742616480104 0.0 2924
1742616495974 0.0 2925
1742616511238 0.0 2926
1742616526331 0.0 2927
1742616541303 0.0 2928
1742616556465 0.0 2929
1742616571586 0.0 2930
1742616586410 0.0 2931
1742616601709 0.0 2932
1742616616453 0.0 2933
1742616617082 1.0 2934
1742616617686 1.0 2935
1742616632999 0.0 2936
1742616648233 0.0 2937
1742616663887 0.0 2938
1742616679476 0.0 2939
1742616694841 0.0 2940
1742616709950 0.0 2941
1742616725398 0.0 2942
1742616740341 0.0 2943
1742616755629 0.0 2944
1742616771250 0.0 2945
1742616786243 0.0 2946
1742616801421 0.0 2947
1742616802395 1.0 2948
1742616817091 0.0 2949
1742616831886 0.0 2950
1742616847968 0.0 2951
1742616863385 0.0 2952
1742616878248 0.0 2953
1742616892982 0.0 2954
1742616908080 0.0 2955
1742616922980 0.0 2956
1742616937869 0.0 2957
1742616954042 0.0 2958
1742616968800 0.0 2959
1742616983401 0.0 2960
1742616984029 1.0 2961
1742616999368 0.0 2962
1742617014560 0.0 2963
1742617030075 0.0 2964
1742617045429 0.0 2965
1742617061239 0.0 2966
1742617061877 1.0 2967
1742617077272 0.0 2968
1742617093249 0.0 2969
1742617108792 0.0 2970
1742617124545 0.0 2971
1742617139798 0.0 2972
1742617155847 0.0 2973
1742617170905 0.0 2974
1742617185923 0.0 2975
1742617201459 0.0 2976
1742617216958 0.0 2977
1742617231978 0.0 2978
1742617247685 0.0 2979
1742617262423 0.0 2980
1742617263052 1.0 2981
1742617277911 0.0 2982
1742617293454 0.0 2983
1742617308876 0.0 2984
1742617323795 0.0 2985
1742617339626 0.0 2986
1742617354938 0.0 2987
1742617370746 0.0 2988
1742617386087 0.0 2989
1742617401547 0.0 2990
1742617416802 0.0 2991
1742617432042 0.0 2992
1742617447771 0.0 2993
1742617463362 0.0 2994
1742617475694 1.0 2995
1742617490844 0.0 2996
1742617491476 1.0 2997
1742617507073 0.0 2998
1742617522587 0.0 2999
1742617537665 0.0 3000
1742617553555 0.0 3001
1742617569760 0.0 3002
1742617585362 0.0 3003
1742617600233 0.0 3004
1742617602235 0.0 3005
1742617617691 0.0 3006
1742617633257 0.0 3007
1742617633913 1.0 3008
1742617648850 0.0 3009
1742617663539 0.0 3010
1742617678358 0.0 3011
1742617693415 0.0 3012
1742617694031 1.0 3013
1742617709134 0.0 3014
1742617724526 0.0 3015
1742617739876 0.0 3016
1742617741711 0.0 3017
1742617757297 0.0 3018
1742617772004 0.0 3019
1742617787346 0.0 3020
1742617802790 0.0 3021
1742617818075 0.0 3022
1742617832950 0.0 3023
1742617848409 0.0 3024
1742617863359 0.0 3025
1742617879117 0.0 3026
1742617894138 0.0 3027
1742617909026 0.0 3028
1742617924841 0.0 3029
1742617939972 0.0 3030
1742617955469 0.0 3031
1742617970381 0.0 3032
1742617985294 0.0 3033
1742618000516 0.0 3034
1742618016219 0.0 3035
1742618016851 1.0 3036
1742618032157 0.0 3037
1742618047262 0.0 3038
1742618062449 0.0 3039
1742618077500 0.0 3040
1742618078144 1.0 3041
1742618092718 0.0 3042
1742618093588 1.0 3043
1742618109496 0.0 3044
1742618124814 0.0 3045
1742618139843 0.0 3046
1742618154967 0.0 3047
1742618170024 0.0 3048
1742618185753 0.0 3049
1742618186636 1.0 3050
1742618202483 0.0 3051
1742618218113 0.0 3052
1742618233906 0.0 3053
1742618248990 0.0 3054
1742618264525 0.0 3055
1742618279847 0.0 3056
1742618295860 0.0 3057
1742618310909 0.0 3058
1742618325911 0.0 3059
1742618342442 0.0 3060
1742618357402 0.0 3061
1742618372434 0.0 3062
1742618387993 0.0 3063
1742618403021 0.0 3064
1742618418177 0.0 3065
1742618433359 0.0 3066
1742618448671 0.0 3067
1742618464253 0.0 3068
1742618480052 0.0 3069
1742618495339 0.0 3070
1742618510377 0.0 3071
1742618525343 0.0 3072
1742618540412 0.0 3073
1742618555932 0.0 3074
1742618571134 0.0 3075
1742618572876 0.0 3076
1742618588056 0.0 3077
1742618604445 0.0 3078
1742618620194 0.0 3079
1742618635862 0.0 3080
1742618650823 0.0 3081
1742618666028 0.0 3082
1742618681882 0.0 3083
1742618697185 0.0 3084
1742618712501 0.0 3085
1742618727862 0.0 3086
1742618742253 0.0 3087
1742618757804 0.0 3088
1742618772552 0.0 3089
1742618788687 0.0 3090
1742618804446 0.0 3091
1742618820059 0.0 3092
1742618835282 0.0 3093
1742618850576 0.0 3094
1742618865988 0.0 3095
1742618881339 0.0 3096
1742618897680 0.0 3097
1742618913018 0.0 3098
1742618928388 0.0 3099
1742618944179 0.0 3100
1742618959273 0.0 3101
1742618975195 0.0 3102
1742618990472 0.0 3103
1742619005970 0.0 3104
1742619020883 0.0 3105
1742619036416 0.0 3106
1742619037262 1.0 3107
1742619052244 0.0 3108
1742619067242 0.0 3109
1742619082453 0.0 3110
1742619097882 0.0 3111
1742619112944 0.0 3112
1742619128501 0.0 3113
1742619143936 0.0 3114
1742619144559 1.0 3115
1742619145174 1.0 3116
1742619160583 0.0 3117
1742619175807 0.0 3118
1742619191425 0.0 3119
1742619206350 0.0 3120
1742619221288 0.0 3121
1742619236449 0.0 3122
1742619251622 0.0 3123
1742619267470 0.0 3124
1742619282670 0.0 3125
1742619298268 0.0 3126
1742619313372 0.0 3127
1742619328744 0.0 3128
1742619343743 0.0 3129
1742619358995 0.0 3130
1742619374376 0.0 3131
1742619389747 0.0 3132
1742619404689 0.0 3133
1742619420527 0.0 3134
1742619435961 0.0 3135
1742619451066 0.0 3136
1742619451711 1.0 3137
1742619467416 0.0 3138
1742619482969 0.0 3139
1742619498898 0.0 3140
1742619514375 0.0 3141
1742619529821 0.0 3142
1742619545566 0.0 3143
1742619546228 1.0 3144
1742619561807 0.0 3145
1742619577947 0.0 3146
1742619593544 0.0 3147
1742619608656 0.0 3148
1742619624295 0.0 3149
1742619639753 0.0 3150
1742619644229 0.0 3151
1742619659515 0.0 3152
1742619674789 0.0 3153
1742619690299 0.0 3154
1742619705348 0.0 3155
1742619706443 1.0 3156
1742619721781 0.0 3157
1742619737177 0.0 3158
1742619752880 0.0 3159
1742619767908 0.0 3160
1742619783432 0.0 3161
1742619799050 0.0 3162
1742619814794 0.0 3163
1742619829963 0.0 3164
1742619845608 0.0 3165
1742619861220 0.0 3166
1742619876749 0.0 3167
1742619891832 0.0 3168
1742619907524 0.0 3169
1742619922450 0.0 3170
1742619937311 0.0 3171
1742619953196 0.0 3172
1742619968249 0.0 3173
1742619983607 0.0 3174
1742619999615 0.0 3175
1742620015018 0.0 3176
1742620030696 0.0 3177
1742620046103 0.0 3178
1742620061154 0.0 3179
1742620076694 0.0 3180
1742620091965 0.0 3181
1742620107359 0.0 3182
1742620122568 0.0 3183
1742620137789 0.0 3184
1742620152371 0.0 3185
1742620167371 0.0 3186
1742620182745 0.0 3187
1742620198316 0.0 3188
1742620212972 0.0 3189
1742620228236 0.0 3190
1742620243938 0.0 3191
1742620259454 0.0 3192
1742620274863 0.0 3193
1742620290014 0.0 3194
1742620292598 1.0 3195
1742620307740 0.0 3196
1742620323431 0.0 3197
1742620338724 0.0 3198
1742620354611 0.0 3199
1742620370634 0.0 3200
1742620386701 0.0 3201
1742620402047 0.0 3202
1742620417435 0.0 3203
1742620432612 0.0 3204
1742620447792 0.0 3205
1742620448429 1.0 3206
1742620449052 1.0 3207
1742620464464 0.0 3208
1742620479508 0.0 3209
1742620494262 0.0 3210
1742620509814 0.0 3211
1742620525095 0.0 3212
1742620540506 0.0 3213
1742620555423 0.0 3214
1742620570651 0.0 3215
1742620585828 0.0 3216
1742620601288 0.0 3217
1742620617279 0.0 3218
1742620633255 0.0 3219
1742620649528 0.0 3220
1742620664709 0.0 3221
1742620665358 1.0 3222
1742620665983 1.0 3223
1742620681212 0.0 3224
1742620697007 0.0 3225
1742620712349 0.0 3226
1742620727942 0.0 3227
1742620743364 0.0 3228
1742620758332 0.0 3229
1742620773097 0.0 3230
1742620788755 0.0 3231
1742620803946 0.0 3232
1742620818867 0.0 3233
1742620833893 0.0 3234
1742620849643 0.0 3235
1742620865157 0.0 3236
1742620880904 0.0 3237
1742620896936 0.0 3238
1742620912627 0.0 3239
1742620927755 0.0 3240
1742620942832 0.0 3241
1742620958117 0.0 3242
1742620973197 0.0 3243
1742620988482 0.0 3244
1742621003916 0.0 3245
1742621019402 0.0 3246
1742621035277 0.0 3247
1742621050249 0.0 3248
1742621065295 0.0 3249
1742621080583 0.0 3250
1742621095617 0.0 3251
1742621111399 0.0 3252
1742621126853 0.0 3253
1742621141587 0.0 3254
1742621156840 0.0 3255
1742621172252 0.0 3256
1742621187080 0.0 3257
1742621202705 0.0 3258
1742621217876 0.0 3259
1742621233513 0.0 3260
1742621248765 0.0 3261
1742621263964 0.0 3262
1742621278987 0.0 3263
1742621293918 0.0 3264
1742621309062 0.0 3265
1742621311504 1.0 3266
1742621326271 0.0 3267
1742621326908 1.0 3268
1742621341907 0.0 3269
1742621357098 0.0 3270
1742621372076 0.0 3271
1742621387451 0.0 3272
1742621402942 0.0 3273
1742621418707 0.0 3274
1742621434203 0.0 3275
1742621436088 0.0 3276
1742621451710 0.0 3277
1742621467111 0.0 3278
1742621482398 0.0 3279
1742621498442 0.0 3280
1742621514188 0.0 3281
1742621529027 0.0 3282
1742621544341 0.0 3283
1742621559201 0.0 3284
1742621574875 0.0 3285
1742621589804 0.0 3286
1742621605807 0.0 3287
1742621621421 0.0 3288
1742621636858 0.0 3289
1742621652805 0.0 3290
1742621668264 0.0 3291
1742621683811 0.0 3292
1742621699102 0.0 3293
1742621714843 0.0 3294
1742621730698 0.0 3295
1742621731361 1.0 3296
1742621746233 0.0 3297
1742621761114 0.0 3298
1742621776730 0.0 3299
1742621777365 1.0 3300
1742621777997 1.0 3301
1742621793343 0.0 3302
1742621808920 0.0 3303
1742621823479 0.0 3304
1742621838617 0.0 3305
1742621853532 0.0 3306
1742621868453 0.0 3307
1742621869077 1.0 3308
1742621884302 0.0 3309
1742621899245 0.0 3310
1742621914009 0.0 3311
1742621928641 0.0 3312
1742621943516 0.0 3313
1742621958465 0.0 3314
1742621974006 0.0 3315
1742621989572 0.0 3316
1742622004617 0.0 3317
1742622019964 0.0 3318
1742622035198 0.0 3319
1742622051009 0.0 3320
1742622066534 0.0 3321
1742622082004 0.0 3322
1742622096951 0.0 3323
1742622112052 0.0 3324
1742622127417 0.0 3325
1742622141970 0.0 3326
1742622157388 0.0 3327
1742622172414 0.0 3328
1742622187512 0.0 3329
1742622202609 0.0 3330
1742622217551 0.0 3331
1742622232136 0.0 3332
1742622247584 0.0 3333
1742622262825 0.0 3334
1742622277931 0.0 3335
1742622293327 0.0 3336
1742622308890 0.0 3337
1742622324288 0.0 3338
1742622339291 0.0 3339
1742622354839 0.0 3340
1742622370274 0.0 3341
1742622385725 0.0 3342
1742622401592 0.0 3343
1742622417044 0.0 3344
1742622432496 0.0 3345
1742622447626 0.0 3346
1742622448258 1.0 3347
1742622463571 0.0 3348
1742622478691 0.0 3349
1742622493873 0.0 3350
1742622508769 0.0 3351
1742622524090 0.0 3352
1742622524723 1.0 3353
1742622539498 0.0 3354
1742622554633 0.0 3355
1742622570346 0.0 3356
1742622585600 0.0 3357
1742622600397 0.0 3358
1742622615375 0.0 3359
1742622616025 1.0 3360
1742622631034 0.0 3361
1742622645905 0.0 3362
1742622661487 0.0 3363
1742622677665 0.0 3364
1742622693749 0.0 3365
1742622709201 0.0 3366
1742622725326 0.0 3367
1742622740466 0.0 3368
1742622755814 0.0 3369
1742622771203 0.0 3370
1742622786830 0.0 3371
1742622801749 0.0 3372
1742622816702 0.0 3373
1742622831471 0.0 3374
1742622846482 0.0 3375
1742622861858 0.0 3376
1742622876586 0.0 3377
1742622892062 0.0 3378
1742622906879 0.0 3379
1742622921839 0.0 3380
1742622936792 0.0 3381
1742622951900 0.0 3382
1742622967373 0.0 3383
1742622982178 0.0 3384
1742622997682 0.0 3385
1742623012724 0.0 3386
1742623027956 0.0 3387
1742623043632 0.0 3388
1742623058836 0.0 3389
1742623074550 0.0 3390
1742623089884 0.0 3391
1742623104995 0.0 3392
1742623120586 0.0 3393
1742623135638 0.0 3394
1742623151220 0.0 3395
1742623166638 0.0 3396
1742623182362 0.0 3397
1742623197179 0.0 3398
1742623212753 0.0 3399
1742623227641 0.0 3400
1742623243077 0.0 3401
1742623258591 0.0 3402
1742623273751 0.0 3403
1742623288723 0.0 3404
1742623303829 0.0 3405
1742623319707 0.0 3406
1742623334985 0.0 3407
1742623350624 0.0 3408
1742623351253 1.0 3409
1742623366839 0.0 3410
1742623382253 0.0 3411
1742623397324 0.0 3412
1742623412677 0.0 3413
1742623428700 0.0 3414
1742623444373 0.0 3415
1742623459555 0.0 3416
1742623475291 0.0 3417
1742623490498 0.0 3418
1742623506525 0.0 3419
1742623521922 0.0 3420
1742623537787 0.0 3421
1742623552818 0.0 3422
1742623568089 0.0 3423
1742623583321 0.0 3424
1742623598777 0.0 3425
1742623614267 0.0 3426
1742623630569 0.0 3427
1742623645865 0.0 3428
1742623646509 1.0 3429
1742623661848 0.0 3430
1742623677230 0.0 3431
1742623692416 0.0 3432
1742623693053 1.0 3433
1742623708948 0.0 3434
1742623724398 0.0 3435
1742623740259 0.0 3436
1742623755544 0.0 3437
1742623770424 0.0 3438
1742623785313 0.0 3439
1742623800438 0.0 3440
1742623815432 0.0 3441
1742623831141 0.0 3442
1742623846619 0.0 3443
1742623862065 0.0 3444
1742623877174 0.0 3445
1742623892894 0.0 3446
1742623907853 0.0 3447
1742623923270 0.0 3448
1742623939303 0.0 3449
1742623954702 0.0 3450
1742623969662 0.0 3451
1742623984725 0.0 3452
1742624000744 0.0 3453
1742624016824 0.0 3454
1742624032723 0.0 3455
1742624048357 0.0 3456
1742624064813 0.0 3457
1742624080363 0.0 3458
1742624096387 0.0 3459
1742624112087 0.0 3460
1742624128001 0.0 3461
1742624143888 0.0 3462
1742624159595 0.0 3463
1742624175650 0.0 3464
1742624191257 0.0 3465
1742624206756 0.0 3466
1742624223036 0.0 3467
1742624238096 0.0 3468
1742624253186 0.0 3469
1742624268509 0.0 3470
1742624284249 0.0 3471
1742624299836 0.0 3472
1742624315161 0.0 3473
1742624331348 0.0 3474
1742624347080 0.0 3475
1742624362835 0.0 3476
1742624378697 0.0 3477
1742624393741 0.0 3478
1742624408904 0.0 3479
1742624424180 0.0 3480
1742624439196 0.0 3481
1742624454623 0.0 3482
1742624455536 1.0 3483
1742624471555 0.0 3484
1742624487705 0.0 3485
1742624488345 1.0 3486
1742624503881 0.0 3487
1742624519160 0.0 3488
1742624535360 0.0 3489
1742624536267 1.0 3490
1742624552594 0.0 3491
1742624568478 0.0 3492
1742624584379 0.0 3493
1742624585222 1.0 3494
1742624600826 0.0 3495
1742624610641 1.0 3496
1742624625957 0.0 3497
1742624642374 0.0 3498
1742624657510 0.0 3499
1742624672554 0.0 3500
1742624688762 0.0 3501
1742624704528 0.0 3502
1742624719978 0.0 3503
1742624735878 0.0 3504
1742624751573 0.0 3505
1742624767813 0.0 3506
1742624783346 0.0 3507
1742624798624 0.0 3508
1742624813989 0.0 3509
1742624829014 0.0 3510
1742624844744 0.0 3511
1742624860138 0.0 3512
1742624860824 1.0 3513
1742624876636 0.0 3514
1742624892328 0.0 3515
1742624907666 0.0 3516
1742624923801 0.0 3517
1742624939390 0.0 3518
1742624955633 0.0 3519
1742624971731 0.0 3520
1742624986997 0.0 3521
1742625002689 0.0 3522
1742625019025 0.0 3523
1742625034734 0.0 3524
1742625050231 0.0 3525
1742625066074 0.0 3526
1742625081927 0.0 3527
1742625097753 0.0 3528
1742625114179 0.0 3529
1742625129654 0.0 3530
1742625144592 0.0 3531
1742625160956 0.0 3532
1742625177385 0.0 3533
1742625193748 0.0 3534
1742625210002 0.0 3535
1742625225357 0.0 3536
1742625240395 0.0 3537
1742625256444 0.0 3538
1742625272864 0.0 3539
1742625288428 0.0 3540
1742625304180 0.0 3541
1742625304848 1.0 3542
1742625319568 0.0 3543
1742625334364 0.0 3544
1742625349762 0.0 3545
1742625364597 0.0 3546
1742625380261 0.0 3547
1742625380909 1.0 3548
1742625396778 0.0 3549
1742625412185 0.0 3550
1742625427572 0.0 3551
1742625443707 0.0 3552
1742625459188 0.0 3553
1742625474886 0.0 3554
1742625490418 0.0 3555
1742625506298 0.0 3556
1742625521706 0.0 3557
1742625537082 0.0 3558
1742625552134 0.0 3559
1742625567773 0.0 3560
1742625583957 0.0 3561
1742625600115 0.0 3562
1742625616045 0.0 3563
1742625616683 1.0 3564
1742625632281 0.0 3565
1742625648022 0.0 3566
1742625664333 0.0 3567
1742625679885 0.0 3568
1742625694883 0.0 3569
1742625710526 0.0 3570
1742625726280 0.0 3571
1742625741630 0.0 3572
1742625756933 0.0 3573
1742625772710 0.0 3574
1742625788141 0.0 3575
1742625803733 0.0 3576
1742625819912 0.0 3577
1742625835577 0.0 3578
1742625850969 0.0 3579
1742625867371 0.0 3580
1742625883575 0.0 3581
1742625898914 0.0 3582
1742625913831 0.0 3583
1742625914461 1.0 3584
1742625930667 0.0 3585
1742625946513 0.0 3586
1742625961622 0.0 3587
1742625977446 0.0 3588
1742625993431 0.0 3589
1742626009107 0.0 3590
1742626024715 0.0 3591
1742626027195 0.0 3592
1742626042510 0.0 3593
1742626057340 0.0 3594
1742626073732 0.0 3595
1742626089185 0.0 3596
1742626104422 0.0 3597
1742626120303 0.0 3598
1742626135631 0.0 3599
1742626151365 0.0 3600
1742626166726 0.0 3601
1742626182129 0.0 3602
1742626197299 0.0 3603
1742626212993 0.0 3604
1742626228975 0.0 3605
1742626229624 1.0 3606
1742626244864 0.0 3607
1742626260693 0.0 3608
1742626276369 0.0 3609
1742626277251 1.0 3610
1742626293064 0.0 3611
1742626308823 0.0 3612
1742626324501 0.0 3613
1742626340340 0.0 3614
1742626356249 0.0 3615
1742626372089 0.0 3616
1742626387663 0.0 3617
1742626403465 0.0 3618
1742626418724 0.0 3619
1742626434787 0.0 3620
1742626449698 0.0 3621
1742626464987 0.0 3622
1742626480553 0.0 3623
1742626496310 0.0 3624
1742626511711 0.0 3625
1742626527511 0.0 3626
1742626543474 0.0 3627
1742626560006 0.0 3628
1742626576050 0.0 3629
1742626591577 0.0 3630
1742626608123 0.0 3631
1742626623092 0.0 3632
1742626639104 0.0 3633
1742626655226 0.0 3634
1742626671624 0.0 3635
1742626687388 0.0 3636
1742626703846 0.0 3637
1742626719675 0.0 3638
1742626735860 0.0 3639
1742626751492 0.0 3640
1742626766494 0.0 3641
1742626781766 0.0 3642
1742626798096 0.0 3643
1742626813294 0.0 3644
1742626828780 0.0 3645
1742626843667 0.0 3646
1742626858464 0.0 3647
1742626873905 0.0 3648
1742626889306 0.0 3649
1742626904808 0.0 3650
1742626920600 0.0 3651
1742626936820 0.0 3652
1742626952542 0.0 3653
1742626968522 0.0 3654
1742626984118 0.0 3655
1742626999890 0.0 3656
1742627015540 0.0 3657
1742627031629 0.0 3658
1742627047937 0.0 3659
1742627063835 0.0 3660
1742627079569 0.0 3661
1742627094854 0.0 3662
1742627095496 1.0 3663
1742627110393 0.0 3664
1742627126178 0.0 3665
1742627142669 0.0 3666
1742627157722 0.0 3667
1742627174253 0.0 3668
1742627190872 0.0 3669
1742627206452 0.0 3670
1742627222478 0.0 3671
1742627238856 0.0 3672
1742627255477 0.0 3673
1742627271557 0.0 3674
1742627287797 0.0 3675
1742627304349 0.0 3676
1742627320354 0.0 3677
1742627335767 0.0 3678
1742627351258 0.0 3679
1742627366723 0.0 3680
1742627383177 0.0 3681
1742627398396 0.0 3682
1742627414033 0.0 3683
1742627430856 0.0 3684
1742627447108 0.0 3685
1742627462800 0.0 3686
1742627478028 0.0 3687
1742627494194 0.0 3688
1742627510134 0.0 3689
1742627525686 0.0 3690
1742627542043 0.0 3691
1742627557330 0.0 3692
1742627573300 0.0 3693
1742627589413 0.0 3694
1742627604602 0.0 3695
1742627605245 1.0 3696
1742627620882 0.0 3697
1742627636167 0.0 3698
1742627651740 0.0 3699
1742627667341 0.0 3700
1742627682289 0.0 3701
1742627697313 0.0 3702
1742627712337 0.0 3703
1742627714186 0.0 3704
1742627729555 0.0 3705
1742627745000 0.0 3706
1742627760884 0.0 3707
1742627761537 1.0 3708
1742627778002 0.0 3709
1742627778648 1.0 3710
1742627794265 0.0 3711
1742627809429 0.0 3712
1742627824300 0.0 3713
1742627839426 0.0 3714
1742627855701 0.0 3715
1742627871399 0.0 3716
1742627886706 0.0 3717
1742627901611 0.0 3718
1742627917812 0.0 3719
1742627933948 0.0 3720
1742627949727 0.0 3721
1742627965573 0.0 3722
1742627980765 0.0 3723
1742627996607 0.0 3724
1742628012500 0.0 3725
1742628028035 0.0 3726
1742628044145 0.0 3727
1742628059860 0.0 3728
1742628075211 0.0 3729
1742628091125 0.0 3730
1742628106131 0.0 3731
1742628121535 0.0 3732
1742628136771 0.0 3733
1742628151760 0.0 3734
1742628166920 0.0 3735
1742628181676 0.0 3736
1742628196616 0.0 3737
1742628212402 0.0 3738
1742628227715 0.0 3739
1742628243039 0.0 3740
1742628257859 0.0 3741
1742628273021 0.0 3742
1742628288766 0.0 3743
1742628304630 0.0 3744
1742628320668 0.0 3745
1742628335904 0.0 3746
1742628351513 0.0 3747
1742628366685 0.0 3748
1742628382107 0.0 3749
1742628397443 0.0 3750
1742628413433 0.0 3751
1742628414063 1.0 3752
1742628430022 0.0 3753
1742628444914 0.0 3754
1742628460824 0.0 3755
1742628476974 0.0 3756
1742628492134 0.0 3757
1742628507464 0.0 3758
1742628522820 0.0 3759
1742628538202 0.0 3760
1742628554044 0.0 3761
1742628568741 0.0 3762
1742628585005 0.0 3763
1742628601203 0.0 3764
1742628616872 0.0 3765
1742628631933 0.0 3766
1742628646812 0.0 3767
1742628661494 0.0 3768
1742628678287 0.0 3769
1742628693905 0.0 3770
1742628710377 0.0 3771
1742628726617 0.0 3772
1742628742453 0.0 3773
1742628758018 0.0 3774
1742628773933 0.0 3775
1742628789799 0.0 3776
1742628805885 0.0 3777
1742628821550 0.0 3778
1742628836264 0.0 3779
1742628852020 0.0 3780
1742628867625 0.0 3781
1742628882928 0.0 3782
1742628898517 0.0 3783
1742628900676 0.0 3784
1742628915938 0.0 3785
1742628931586 0.0 3786
1742628947650 0.0 3787
1742628963453 0.0 3788
1742628979288 0.0 3789
1742628995199 0.0 3790
1742629010540 0.0 3791
1742629026083 0.0 3792
1742629041626 0.0 3793
1742629056482 0.0 3794
1742629057129 1.0 3795
1742629072542 0.0 3796
1742629087530 0.0 3797
1742629102781 0.0 3798
1742629118235 0.0 3799
1742629134019 0.0 3800
1742629149580 0.0 3801
1742629164349 0.0 3802
1742629180903 0.0 3803
1742629181534 1.0 3804
1742629198044 0.0 3805
1742629214454 0.0 3806
1742629229739 0.0 3807
1742629244969 0.0 3808
1742629261210 0.0 3809
1742629276587 0.0 3810
1742629292944 0.0 3811
1742629309322 0.0 3812
1742629324809 0.0 3813
1742629340467 0.0 3814
1742629341109 1.0 3815
1742629356277 0.0 3816
1742629356920 1.0 3817
1742629372608 0.0 3818
1742629388959 0.0 3819
1742629404114 0.0 3820
1742629420234 0.0 3821
1742629435409 0.0 3822
1742629450555 0.0 3823
1742629465749 0.0 3824
1742629481348 0.0 3825
1742629503336 0.0 3826
1742629526490 0.0 3827
1742629548906 0.0 3828
1742629570675 0.0 3829
1742629593424 0.0 3830
1742629615788 0.0 3831
1742629638346 0.0 3832
1742629660739 0.0 3833
1742629683410 0.0 3834
1742629705926 0.0 3835
1742629728506 0.0 3836
1742629751308 0.0 3837
1742629772960 0.0 3838
1742629795513 0.0 3839
1742629817793 0.0 3840
1742629839380 0.0 3841
1742629861370 0.0 3842
1742629883122 0.0 3843
1742629905317 0.0 3844
1742629927517 0.0 3845
1742629949992 0.0 3846
1742629972561 0.0 3847
1742629994841 0.0 3848
1742630016511 0.0 3849
1742630038702 0.0 3850
1742630062450 0.0 3851
1742630084882 0.0 3852
1742630107037 0.0 3853
1742630128817 0.0 3854
1742630150711 0.0 3855
1742630172882 0.0 3856
1742630194328 0.0 3857
1742630217105 0.0 3858
1742630237657 0.0 3859
1742630259274 0.0 3860
1742630282474 0.0 3861
1742630283398 1.0 3862
1742630306445 0.0 3863
1742630329131 0.0 3864
1742630351584 0.0 3865
1742630374020 0.0 3866
1742630396383 0.0 3867
1742630419377 0.0 3868
1742630442262 0.0 3869
1742630464360 0.0 3870
1742630487642 0.0 3871
1742630510929 0.0 3872
1742630534291 0.0 3873
1742630556935 0.0 3874
1742630557852 1.0 3875
1742630581571 0.0 3876
1742630582270 1.0 3877
1742630605398 0.0 3878
1742630627925 0.0 3879
1742630650742 0.0 3880
1742630672390 0.0 3881
1742630694081 0.0 3882
1742630715813 0.0 3883
1742630738226 0.0 3884
1742630761392 0.0 3885
1742630782992 0.0 3886
1742630804602 0.0 3887
1742630826978 0.0 3888
1742630849416 0.0 3889
1742630871515 0.0 3890
1742630894074 0.0 3891
1742630916777 0.0 3892
1742630939337 0.0 3893
1742630961826 0.0 3894
1742630962501 1.0 3895
1742630985390 0.0 3896
1742631007803 0.0 3897
1742631030067 0.0 3898
1742631052931 0.0 3899
1742631075717 0.0 3900
1742631098461 0.0 3901
1742631120940 0.0 3902
1742631143640 0.0 3903
1742631166209 0.0 3904
1742631188658 0.0 3905
1742631211494 0.0 3906
1742631234207 0.0 3907
1742631256558 0.0 3908
1742631278650 0.0 3909
1742631300932 0.0 3910
1742631323916 0.0 3911
1742631324582 1.0 3912
1742631346515 0.0 3913
1742631368936 0.0 3914
1742631369612 1.0 3915
1742631391720 0.0 3916
1742631392389 1.0 3917
1742631393335 1.0 3918
1742631416317 0.0 3919
1742631439204 0.0 3920
1742631462114 0.0 3921
1742631484453 0.0 3922
1742631506366 0.0 3923
1742631528538 0.0 3924
1742631551308 0.0 3925
1742631573512 0.0 3926
1742631596007 0.0 3927
1742631618470 0.0 3928
1742631641509 0.0 3929
1742631664168 0.0 3930
1742631686865 0.0 3931
1742631709301 0.0 3932
1742631732041 0.0 3933
1742631754384 0.0 3934
1742631776821 0.0 3935
1742631799244 0.0 3936
1742631822198 0.0 3937
1742631844551 0.0 3938
1742631867533 0.0 3939
1742631890013 0.0 3940
1742631913049 0.0 3941
1742631935758 0.0 3942
1742631958538 0.0 3943
1742631981333 0.0 3944
1742632003624 0.0 3945
1742632025436 0.0 3946
1742632048409 0.0 3947
1742632070963 0.0 3948
1742632093209 0.0 3949
1742632093872 1.0 3950
1742632115703 0.0 3951
1742632138296 0.0 3952
1742632160252 0.0 3953
1742632182437 0.0 3954
1742632204693 0.0 3955
1742632227064 0.0 3956
1742632249246 0.0 3957
1742632271081 0.0 3958
1742632294244 0.0 3959
1742632294936 1.0 3960
1742632317816 0.0 3961
1742632340188 0.0 3962
1742632361728 0.0 3963
1742632384528 0.0 3964
1742632407442 0.0 3965
1742632429732 0.0 3966
1742632452218 0.0 3967
1742632474270 0.0 3968
1742632495988 0.0 3969
1742632517682 0.0 3970
1742632539791 0.0 3971
1742632562410 0.0 3972
1742632584290 0.0 3973
1742632606964 0.0 3974
1742632629517 0.0 3975
1742632651294 0.0 3976
1742632674318 0.0 3977
1742632696612 0.0 3978
1742632719105 0.0 3979
1742632741664 0.0 3980
1742632763485 0.0 3981
1742632785838 0.0 3982
1742632809113 0.0 3983
1742632831876 0.0 3984
1742632854392 0.0 3985
1742632876909 0.0 3986
1742632900161 0.0 3987
1742632900821 1.0 3988
1742632923144 0.0 3989
1742632945186 0.0 3990
1742632968074 0.0 3991
1742632990810 0.0 3992
1742633013192 0.0 3993
1742633036261 0.0 3994
1742633059492 0.0 3995
1742633081865 0.0 3996
1742633105343 0.0 3997
1742633128737 0.0 3998
1742633150853 0.0 3999
1742633173407 0.0 4000
1742633195539 0.0 4001
1742633218193 0.0 4002
1742633223779 0.0 4003
1742633245722 0.0 4004
1742633268025 0.0 4005
1742633289893 0.0 4006
1742633311275 0.0 4007
1742633334599 0.0 4008
1742633357708 0.0 4009
1742633358405 1.0 4010
1742633382114 0.0 4011
1742633405852 0.0 4012
1742633428381 0.0 4013
1742633450526 0.0 4014
1742633451477 1.0 4015
1742633474097 0.0 4016
1742633496306 0.0 4017
1742633519205 0.0 4018
1742633541230 0.0 4019
1742633564356 0.0 4020
1742633587079 0.0 4021
1742633609517 0.0 4022
1742633633038 0.0 4023
1742633655798 0.0 4024
1742633656483 1.0 4025
1742633679233 0.0 4026
1742633701198 0.0 4027
1742633723009 0.0 4028
1742633745190 0.0 4029
1742633767615 0.0 4030
1742633789914 0.0 4031
1742633790608 1.0 4032
1742633812983 0.0 4033
1742633835649 0.0 4034
1742633857367 0.0 4035
1742633880307 0.0 4036
1742633881453 1.0 4037
1742633903866 0.0 4038
1742633925961 0.0 4039
1742633948295 0.0 4040
1742633970696 0.0 4041
1742633971329 1.0 4042
1742633993311 0.0 4043
1742634016587 0.0 4044
1742634039455 0.0 4045
1742634061886 0.0 4046
1742634084442 0.0 4047
1742634107218 0.0 4048
1742634130010 0.0 4049
1742634151966 0.0 4050
1742634174481 0.0 4051
1742634196881 0.0 4052
1742634219373 0.0 4053
1742634241834 0.0 4054
1742634263311 0.0 4055
1742634285671 0.0 4056
1742634307634 0.0 4057
1742634330364 0.0 4058
1742634352647 0.0 4059
1742634375015 0.0 4060
1742634396817 0.0 4061
1742634419333 0.0 4062
1742634442387 0.0 4063
1742634465273 0.0 4064
1742634466286 1.0 4065
1742634466954 1.0 4066
1742634489416 0.0 4067
1742634511198 0.0 4068
1742634532840 0.0 4069
1742634554614 0.0 4070
1742634576464 0.0 4071
1742634598568 0.0 4072
1742634620520 0.0 4073
1742634643415 0.0 4074
1742634659620 0.0 4075
1742634681662 0.0 4076
1742634703504 0.0 4077
1742634725436 0.0 4078
1742634747553 0.0 4079
1742634769817 0.0 4080
1742634792876 0.0 4081
1742634815726 0.0 4082
1742634837860 0.0 4083
1742634860789 0.0 4084
1742634884105 0.0 4085
1742634906603 0.0 4086
1742634928259 0.0 4087
1742634950169 0.0 4088
1742634972577 0.0 4089
1742634995583 0.0 4090
1742635017979 0.0 4091
1742635040845 0.0 4092
1742635064200 0.0 4093
1742635085992 0.0 4094
1742635108234 0.0 4095
1742635130140 0.0 4096
1742635151930 0.0 4097
1742635174965 0.0 4098
1742635197741 0.0 4099
1742635220372 0.0 4100
1742635242970 0.0 4101
1742635265478 0.0 4102
1742635287922 0.0 4103
1742635310134 0.0 4104
1742635310851 1.0 4105
1742635320054 0.0 4106
1742635343159 0.0 4107
1742635364991 0.0 4108
1742635388168 0.0 4109
1742635411412 0.0 4110
1742635433676 0.0 4111
1742635456363 0.0 4112
1742635478175 0.0 4113
1742635500891 0.0 4114
1742635523535 0.0 4115
1742635545488 0.0 4116
1742635567654 0.0 4117
1742635589141 0.0 4118
1742635610602 0.0 4119
1742635632780 0.0 4120
1742635655619 0.0 4121
1742635677678 0.0 4122
1742635700586 0.0 4123
1742635722751 0.0 4124
1742635744858 0.0 4125
1742635767218 0.0 4126
1742635790056 0.0 4127
1742635813274 0.0 4128
1742635835957 0.0 4129
1742635858180 0.0 4130
1742635880980 0.0 4131
1742635903796 0.0 4132
1742635925943 0.0 4133
1742635947677 0.0 4134
1742635970933 0.0 4135
1742635994003 0.0 4136
1742636016097 0.0 4137
1742636037597 0.0 4138
1742636059712 0.0 4139
1742636081431 0.0 4140
1742636103195 0.0 4141
1742636125043 0.0 4142
1742636146476 0.0 4143
1742636168367 0.0 4144
1742636190135 0.0 4145
1742636212474 0.0 4146
1742636234579 0.0 4147
1742636256892 0.0 4148
1742636279903 0.0 4149
1742636302278 0.0 4150
1742636324484 0.0 4151
1742636347715 0.0 4152
1742636370191 0.0 4153
1742636392675 0.0 4154
1742636415202 0.0 4155
1742636436838 0.0 4156
1742636458959 0.0 4157
1742636481052 0.0 4158
1742636504363 0.0 4159
1742636527016 0.0 4160
1742636549591 0.0 4161
1742636572058 0.0 4162
1742636595387 0.0 4163
1742636617567 0.0 4164
1742636639977 0.0 4165
1742636662161 0.0 4166
1742636684310 0.0 4167
1742636706011 0.0 4168
1742636728216 0.0 4169
1742636751146 0.0 4170
1742636773373 0.0 4171
1742636796140 0.0 4172
1742636819048 0.0 4173
1742636841595 0.0 4174
1742636864144 0.0 4175
1742636888079 0.0 4176
1742636910222 0.0 4177
1742636910914 1.0 4178
1742636932526 0.0 4179
1742636955065 0.0 4180
1742636977983 0.0 4181
1742637000640 0.0 4182
1742637023084 0.0 4183
1742637045556 0.0 4184
1742637067614 0.0 4185
1742637090350 0.0 4186
1742637091063 1.0 4187
1742637113271 0.0 4188
1742637135581 0.0 4189
1742637157507 0.0 4190
1742637180450 0.0 4191
1742637202821 0.0 4192
1742637224811 0.0 4193
1742637247098 0.0 4194
1742637269432 0.0 4195
1742637270111 1.0 4196
1742637292310 0.0 4197
1742637315017 0.0 4198
1742637337542 0.0 4199
1742637359730 0.0 4200
1742637381965 0.0 4201
1742637404031 0.0 4202
1742637426049 0.0 4203
1742637448509 0.0 4204
1742637470073 0.0 4205
1742637492393 0.0 4206
1742637514312 0.0 4207
1742637536551 0.0 4208
1742637558700 0.0 4209
1742637581035 0.0 4210
1742637603004 0.0 4211
1742637625438 0.0 4212
1742637647984 0.0 4213
1742637670964 0.0 4214
1742637693615 0.0 4215
1742637715623 0.0 4216
1742637738254 0.0 4217
1742637760334 0.0 4218
1742637782485 0.0 4219
1742637804991 0.0 4220
1742637827457 0.0 4221
1742637849695 0.0 4222
1742637871908 0.0 4223
1742637894454 0.0 4224
1742637917320 0.0 4225
1742637940166 0.0 4226
1742637963420 0.0 4227
1742637986581 0.0 4228
1742638009457 0.0 4229
1742638021434 0.0 4230
1742638043689 0.0 4231
1742638066199 0.0 4232
1742638087790 0.0 4233
1742638088522 1.0 4234
1742638111096 0.0 4235
1742638133372 0.0 4236
1742638156075 0.0 4237
1742638178668 0.0 4238
1742638201749 0.0 4239
1742638224740 0.0 4240
1742638225432 1.0 4241
1742638248725 0.0 4242
1742638249495 1.0 4243
1742638272924 0.0 4244
1742638273614 1.0 4245
1742638295305 0.0 4246
1742638318413 0.0 4247
1742638341355 0.0 4248
1742638364283 0.0 4249
1742638387380 0.0 4250
1742638409517 0.0 4251
1742638432682 0.0 4252
1742638455031 0.0 4253
1742638456032 1.0 4254
1742638478349 0.0 4255
1742638500716 0.0 4256
1742638522823 0.0 4257
1742638544788 0.0 4258
1742638567542 0.0 4259
1742638589912 0.0 4260
1742638611533 0.0 4261
1742638633862 0.0 4262
1742638656737 0.0 4263
1742638679387 0.0 4264
1742638702392 0.0 4265
1742638724467 0.0 4266
1742638747435 0.0 4267
1742638770530 0.0 4268
1742638771225 1.0 4269
1742638793397 0.0 4270
1742638816148 0.0 4271
1742638838822 0.0 4272
1742638861218 0.0 4273
1742638883753 0.0 4274
1742638905954 0.0 4275
1742638928478 0.0 4276
1742638929167 1.0 4277
1742638951217 0.0 4278
1742638973288 0.0 4279
1742638973983 1.0 4280
1742638996402 0.0 4281
1742639018644 0.0 4282
1742639041050 0.0 4283
1742639062731 0.0 4284
1742639084230 0.0 4285
1742639106062 0.0 4286
1742639127785 0.0 4287
1742639150218 0.0 4288
1742639172669 0.0 4289
1742639194955 0.0 4290
1742639217661 0.0 4291
1742639240308 0.0 4292
1742639263020 0.0 4293
1742639285842 0.0 4294
1742639309216 0.0 4295
1742639331009 0.0 4296
1742639353237 0.0 4297
1742639375136 0.0 4298
1742639396859 0.0 4299
1742639418925 0.0 4300
1742639441016 0.0 4301
1742639463392 0.0 4302
1742639486628 0.0 4303
1742639509091 0.0 4304
1742639509799 1.0 4305
1742639532366 0.0 4306
1742639555121 0.0 4307
1742639578125 0.0 4308
1742639600478 0.0 4309
1742639622782 0.0 4310
1742639623542 1.0 4311
1742639646413 0.0 4312
1742639668905 0.0 4313
1742639690956 0.0 4314
1742639713513 0.0 4315
1742639735957 0.0 4316
1742639758797 0.0 4317
1742639759507 1.0 4318
1742639782228 0.0 4319
1742639804120 0.0 4320
1742639826712 0.0 4321
1742639848442 0.0 4322
1742639870864 0.0 4323
1742639892571 0.0 4324
1742639914343 0.0 4325
1742639936545 0.0 4326
1742639958570 0.0 4327
1742639980306 0.0 4328
1742640001927 0.0 4329
1742640024359 0.0 4330
1742640047256 0.0 4331
1742640068667 0.0 4332
1742640091388 0.0 4333
1742640113564 0.0 4334
1742640135391 0.0 4335
1742640158177 0.0 4336
1742640158937 1.0 4337
1742640181793 0.0 4338
1742640203881 0.0 4339
1742640226635 0.0 4340
1742640248797 0.0 4341
1742640249511 1.0 4342
1742640271374 0.0 4343
1742640293876 0.0 4344
1742640294562 1.0 4345
1742640316804 0.0 4346
1742640339612 0.0 4347
1742640340310 1.0 4348
1742640362880 0.0 4349
1742640384268 0.0 4350
1742640406520 0.0 4351
1742640428832 0.0 4352
1742640451478 0.0 4353
1742640474098 0.0 4354
1742640496719 0.0 4355
1742640519535 0.0 4356
1742640541920 0.0 4357
1742640565479 0.0 4358
