1742423236529 -19312.197265625 0
1742423245719 -18850.52734375 1
1742423254939 -12808.3662109375 2
1742423265105 -19264.72265625 3
1742423274332 -18249.23046875 4
1742423284381 -17249.763671875 5
1742423294060 -18984.2734375 6
1742423296384 -347.74664306640625 7
1742423305774 -12295.953125 8
1742423315157 -15919.04296875 9
1742423324667 -15947.94140625 10
1742423334516 -12666.27734375 11
1742423344460 -13502.9619140625 12
1742423353821 -16870.568359375 13
1742423363196 -13273.41015625 14
1742423372538 -11463.3271484375 15
1742423382000 -12285.443359375 16
1742423391262 -15416.23828125 17
1742423396458 -3872.912353515625 18
1742423406034 -14400.0400390625 19
1742423415274 -13165.9326171875 20
1742423424827 -13468.232421875 21
1742423434263 -15692.736328125 22
1742423434850 78.37491607666016 23
1742423444466 -17851.0546875 24
1742423453843 -16036.6865234375 25
1742423463106 -18287.68359375 26
1742423472474 -20744.703125 27
1742423481864 -13253.0029296875 28
1742423491182 -17084.609375 29
1742423500598 -15039.9130859375 30
1742423510197 -12807.2119140625 31
1742423520378 -19302.53125 32
1742423529944 -16751.087890625 33
1742423539679 -16078.0185546875 34
1742423549248 -13646.3095703125 35
1742423558575 -16544.228515625 36
1742423568014 -20095.201171875 37
1742423568925 482.79156494140625 38
1742423578388 -11231.5498046875 39
1742423587864 -12384.40625 40
1742423597421 -20097.080078125 41
1742423606640 -16766.30078125 42
1742423616110 -18156.787109375 43
1742423625346 -13473.091796875 44
1742423634644 -17506.40625 45
1742423640735 -4140.49853515625 46
1742423650060 -15348.4814453125 47
1742423659288 -13412.83984375 48
1742423668619 -14980.50390625 49
1742423678018 -15585.126953125 50
1742423687376 -17581.236328125 51
1742423696656 -13646.216796875 52
1742423705953 -15363.921875 53
1742423715137 -17880.60546875 54
1742423724481 -15719.9033203125 55
1742423725038 29.904943466186523 56
1742423734357 -18904.65625 57
1742423738573 -160.56422424316406 58
1742423748017 -18513.1328125 59
1742423757288 -16140.5419921875 60
1742423766736 -16610.3359375 61
1742423776262 -16445.33984375 62
1742423785801 -14533.9140625 63
1742423786627 348.78759765625 64
1742423795884 -15956.814453125 65
1742423805050 -18013.5625 66
1742423814347 -17002.958984375 67
1742423816884 -442.07977294921875 68
1742423820460 663.9935302734375 69
1742423830006 -17829.537109375 70
1742423839397 -18929.984375 71
1742423848706 -14267.11328125 72
1742423858027 -21671.580078125 73
1742423859758 1032.433349609375 74
1742423869118 -15321.560546875 75
1742423878412 -16181.515625 76
1742423887797 -17442.94921875 77
1742423897192 -20377.8125 78
1742423901605 -381.75225830078125 79
1742423910798 -14445.1689453125 80
1742423920124 -17533.8984375 81
1742423929461 -23445.583984375 82
1742423938757 -20731.5 83
1742423948217 -18171.185546875 84
1742423957639 -18099.837890625 85
1742423967188 -19854.01953125 86
1742423976656 -15361.0908203125 87
1742423986179 -15225.740234375 88
1742423995520 -15369.365234375 89
1742424004915 -12971.7314453125 90
1742424014307 -20201.39453125 91
1742424014865 30.597890853881836 92
1742424024139 -21271.509765625 93
1742424034025 -18306.46484375 94
1742424043383 -15309.185546875 95
1742424052625 -14051.2724609375 96
1742424062020 -17838.478515625 97
1742424071359 -16095.205078125 98
1742424080744 -17513.94921875 99
1742424090154 -13983.28125 100
1742424099497 -22915.333984375 101
1742424108827 -14356.322265625 102
1742424118596 -22310.435546875 103
1742424127846 -13415.13671875 104
1742424137178 -18207.42578125 105
1742424138469 843.1790771484375 106
1742424147912 -18606.78125 107
1742424157229 -16555.490234375 108
1742424166531 -20446.826171875 109
1742424175933 -20542.25390625 110
1742424185438 -19670.25 111
1742424194874 -20630.74609375 112
1742424204347 -15998.697265625 113
1742424204895 71.11917114257812 114
1742424214340 -17131.064453125 115
1742424224098 -17364.48046875 116
1742424233732 -17136.546875 117
1742424243768 -13304.3759765625 118
1742424253259 -17634.00390625 119
1742424262544 -15577.1015625 120
1742424271908 -18365.84765625 121
1742424277688 -2530.68408203125 122
1742424287299 -15718.8193359375 123
1742424296862 -17066.7734375 124
1742424306556 -15306.7392578125 125
1742424315968 -21059.64453125 126
1742424325581 -20604.291015625 127
1742424335220 -17412.09375 128
1742424344702 -19680.435546875 129
1742424354220 -17357.73828125 130
1742424363879 -17121.9765625 131
1742424364433 48.78542709350586 132
1742424373698 -8255.48046875 133
1742424383256 -17036.08203125 134
1742424392734 -19825.263671875 135
1742424402200 -21105.767578125 136
1742424411680 -20095.18359375 137
1742424421253 -18487.888671875 138
1742424430646 -16227.01953125 139
1742424440137 -22866.5546875 140
1742424449599 -19526.841796875 141
1742424459134 -21101.80859375 142
1742424468604 -15202.1689453125 143
1742424478199 -23969.40234375 144
1742424487653 -22355.64453125 145
1742424497282 -17742.888671875 146
1742424506989 -18278.9609375 147
1742424516739 -26027.400390625 148
1742424526379 -18288.140625 149
1742424536011 -22431.162109375 150
1742424536568 47.045345306396484 151
1742424540950 -3312.31396484375 152
1742424548256 -12854.998046875 153
1742424558018 -25233.001953125 154
1742424567854 -26309.873046875 155
1742424577528 -22131.09375 156
1742424587206 -28771.97265625 157
1742424596893 -23099.642578125 158
1742424606635 -25979.970703125 159
1742424616462 -17968.48046875 160
1742424626317 -26549.310546875 161
1742424636039 -17814.4921875 162
1742424645686 -22614.34765625 163
1742424655408 -24245.40625 164
1742424665115 -25391.572265625 165
1742424674714 -23895.9765625 166
1742424684321 -26078.796875 167
1742424693836 -23641.6953125 168
1742424703355 -23981.6796875 169
1742424712820 -29323.96484375 170
1742424722329 -26634.869140625 171
1742424731763 -24767.30859375 172
1742424741221 -22602.828125 173
1742424751150 -18786.796875 174
1742424760670 -26367.7734375 175
1742424770291 -20391.7890625 176
1742424779717 -21914.630859375 177
1742424789051 -20963.1796875 178
1742424789617 56.13572311401367 179
1742424790170 65.47917175292969 180
1742424799773 -25746.767578125 181
1742424809379 -29187.83203125 182
1742424818889 -27874.23828125 183
1742424828342 -22955.98046875 184
1742424837728 -25200.853515625 185
1742424847114 -29738.953125 186
1742424856955 -22040.533203125 187
1742424866732 -24712.90625 188
1742424876726 -25507.466796875 189
1742424877295 61.63584899902344 190
1742424887077 -27712.083984375 191
1742424896870 -25065.05859375 192
1742424906996 -27801.71484375 193
1742424916575 -29966.232421875 194
1742424926132 -25526.662109375 195
1742424936173 -24634.37890625 196
1742424946321 -29162.6953125 197
1742424956353 -22228.1875 198
1742424966134 -31999.59375 199
1742424975854 -26923.3984375 200
1742424985614 -37682.5703125 201
1742424995200 -24720.697265625 202
1742425001219 -9830.4453125 203
1742425010818 -32011.83203125 204
1742425020728 -26912.58203125 205
1742425029874 -22254.830078125 206
1742425039682 -29338.40234375 207
1742425049494 -33957.4375 208
1742425059243 -27252.466796875 209
1742425068931 -23257.51171875 210
1742425078672 -31946.88671875 211
1742425088227 -29928.087890625 212
1742425097876 -28648.369140625 213
1742425107402 -35967.84375 214
1742425116983 -22509.9609375 215
1742425126492 -23627.482421875 216
1742425136192 -24562.875 217
1742425145788 -35250.625 218
1742425155560 -24418.06640625 219
1742425165228 -29019.263671875 220
1742425175239 -40119.609375 221
1742425184817 -39206.91015625 222
1742425194901 -33353.515625 223
1742425204715 -25231.701171875 224
1742425215030 -27674.0234375 225
1742425225436 -25303.8515625 226
1742425235933 -29328.263671875 227
1742425239221 3135.708984375 228
1742425250042 -35230.8515625 229
1742425260344 -39721.02734375 230
1742425270480 -29944.3125 231
1742425271062 78.38136291503906 232
1742425281499 -33204.4296875 233
1742425291391 -34503.9296875 234
1742425301949 -30718.03515625 235
1742425311917 -38365.53125 236
1742425321952 -30921.89453125 237
1742425322516 101.82115173339844 238
1742425332298 -28202.08203125 239
1742425342128 -31645.921875 240
1742425351949 -39198.3828125 241
1742425361841 -31106.68359375 242
1742425372086 -31544.0078125 243
1742425382197 -32663.333984375 244
1742425392044 -54076.0078125 245
1742425393824 -91.11958312988281 246
1742425403802 -31313.296875 247
1742425413384 -40877.703125 248
1742425422889 -28384.162109375 249
1742425424811 2129.4453125 250
1742425434322 -31217.068359375 251
1742425443698 -34103.19921875 252
1742425453277 -38282.24609375 253
1742425462698 -33979.01171875 254
1742425468655 -14739.9990234375 255
1742425478437 -25959.578125 256
1742425488015 -27459.44921875 257
1742425497539 -29276.275390625 258
1742425507102 -39551.6328125 259
1742425509474 -479.6376037597656 260
1742425518964 -41378.00390625 261
1742425528625 -36808.4296875 262
1742425538302 -43646.56640625 263
1742425547965 -32600.90625 264
1742425557604 -33491.953125 265
1742425567138 -38645.1015625 266
1742425576719 -33922.14453125 267
1742425586287 -35255.64453125 268
1742425591849 -12299.15234375 269
1742425601430 -45714.22265625 270
1742425611204 -35350.9375 271
1742425612603 2138.30810546875 272
1742425622276 -37394.59375 273
1742425632068 -26861.634765625 274
1742425641715 -43717.203125 275
1742425651343 -35079.8203125 276
1742425651886 125.38200378417969 277
1742425661442 -34915.6796875 278
1742425671402 -45309.29296875 279
1742425681017 -40050.44140625 280
1742425690655 -44944.0078125 281
1742425700226 -40898.33203125 282
1742425709824 -35161.3125 283
1742425719851 -33609.78515625 284
1742425720449 172.0716552734375 285
1742425730069 -35807.9765625 286
1742425734041 969.0935668945312 287
1742425739308 -2347.5869140625 288
1742425749141 -34511.58984375 289
1742425759129 -32579.177734375 290
1742425768775 -24217.876953125 291
1742425772212 1261.488525390625 292
1742425781798 -29437.880859375 293
1742425791344 -38388.87890625 294
1742425800893 -37120.6953125 295
1742425810289 -42632.07421875 296
1742425810829 87.78763580322266 297
1742425820205 -34939.4921875 298
1742425829605 -44931.0546875 299
1742425839624 -41017.9140625 300
1742425849040 -32630.400390625 301
1742425858488 -31216.791015625 302
1742425867877 -43862.86328125 303
1742425877335 -39841.2734375 304
1742425886786 -35468.9296875 305
1742425896335 -30352.958984375 306
1742425905650 -39334.8125 307
1742425915061 -42717.16015625 308
1742425924515 -41972.5625 309
1742425933941 -45298.328125 310
1742425934560 94.5772933959961 311
1742425944463 -30500.19140625 312
1742425953899 -35697.22265625 313
1742425963427 -35792.6171875 314
1742425972912 -33685.51953125 315
1742425975568 -1325.138671875 316
1742425985208 -51325.34375 317
1742425994607 -42786.33203125 318
1742426004066 -37613.9296875 319
1742426013314 -33848.74609375 320
1742426022789 -42276.8515625 321
1742426026251 1623.2412109375 322
1742426035740 -38845.70703125 323
1742426045572 -36311.48828125 324
1742426055239 -33839.3671875 325
1742426064818 -46617.98828125 326
1742426074352 -37081.984375 327
1742426083988 -47945.75 328
1742426093538 -46442.07421875 329
1742426103531 -44005.47265625 330
1742426113001 -46427.7421875 331
1742426122993 -40563.21484375 332
1742426133003 -41268.40234375 333
1742426137587 -6980.72021484375 334
1742426147090 -42890.9921875 335
1742426156764 -48025.40625 336
1742426162216 -13695.44140625 337
1742426171867 -45293.35546875 338
1742426181395 -40689.7734375 339
1742426191041 -55755.625 340
1742426200639 -44364.25390625 341
1742426210173 -41675.3828125 342
1742426220056 -55448.296875 343
1742426229686 -47860.84375 344
1742426239549 -39737.703125 345
1742426249244 -32162.07421875 346
1742426258974 -45924.3828125 347
1742426268571 -36583.8984375 348
1742426278140 -38998.734375 349
1742426287778 -50812.75 350
1742426297325 -51873.5390625 351
1742426297869 101.82624816894531 352
1742426307391 -39973.62109375 353
1742426316950 -44418.73046875 354
1742426326466 -50250.734375 355
1742426335969 -46064.45703125 356
1742426345575 -50479.8359375 357
1742426355061 -40109.66015625 358
1742426364654 -42015.1015625 359
1742426374220 -36845.30859375 360
1742426383713 -31925.439453125 361
1742426393126 -53569.421875 362
1742426402572 -55467.25390625 363
1742426412297 -53564.40625 364
1742426422214 -39283.515625 365
1742426432340 -44327.9140625 366
1742426441904 -40872.921875 367
1742426451892 -38300.6796875 368
1742426461822 -39483.7734375 369
1742426471461 -44143.75 370
1742426481399 -31758.47265625 371
1742426490183 -19800.224609375 372
1742426497169 -10401.1435546875 373
1742426507185 -41958.140625 374
1742426517391 -37642.9921875 375
1742426527550 -49998.19921875 376
1742426537864 -33305.53125 377
1742426538418 104.31942749023438 378
1742426538995 250.20811462402344 379
1742426539793 835.848388671875 380
1742426540638 942.6922607421875 381
1742426550261 -52465.1328125 382
1742426560511 -49606.4921875 383
1742426570561 -44579.265625 384
1742426580155 -55890.7421875 385
1742426590326 -47587.39453125 386
1742426599887 -52171.9765625 387
1742426609518 -51185.421875 388
1742426619562 -45218.28515625 389
1742426629207 -41700.30078125 390
1742426638807 -37740.7890625 391
1742426648447 -42571.5859375 392
1742426657963 -51514.21875 393
1742426667542 -39612.0625 394
1742426668097 103.6307144165039 395
1742426677744 -43980.51171875 396
1742426687489 -55262.3125 397
1742426697270 -61136.9765625 398
1742426707156 -42736.70703125 399
1742426716761 -47049.96484375 400
1742426727139 -51051.96484375 401
1742426736997 -31264.1171875 402
1742426746601 -60457.921875 403
1742426756187 -38726.28125 404
1742426765724 -52011.515625 405
1742426775367 -48433.765625 406
1742426784906 -60918.2109375 407
1742426794522 -54872.203125 408
1742426804090 -43735.83203125 409
1742426813689 -50018.8671875 410
1742426823283 -39003.5625 411
1742426832895 -48224.8515625 412
1742426842645 -50645.0078125 413
1742426852355 -37200.5234375 414
1742426863059 -39677.5703125 415
1742426872778 -39666.18359375 416
1742426882501 -48608.40625 417
1742426883133 126.02896118164062 418
1742426892740 -42687.1953125 419
1742426902613 -55349.921875 420
1742426912193 -47570.3671875 421
1742426921902 -49168.1171875 422
1742426931679 -47938.0 423
1742426941699 -58789.41796875 424
1742426951849 -50323.4453125 425
1742426961559 -50723.8515625 426
1742426971251 -34518.328125 427
1742426981427 -57870.56640625 428
1742426985965 -8552.861328125 429
1742426995747 -45241.734375 430
1742427005483 -31127.79296875 431
1742427015076 -58915.2265625 432
1742427024695 -52339.078125 433
1742427034353 -47891.4140625 434
1742427043976 -44703.484375 435
1742427053538 -60284.3125 436
1742427055365 -275.184326171875 437
1742427064910 -52355.9921875 438
1742427074578 -45812.9296875 439
1742427084060 -47151.12890625 440
1742427094057 -59114.91015625 441
1742427103512 -46496.046875 442
1742427112956 -52203.83984375 443
1742427122384 -54650.71875 444
1742427123013 109.17558288574219 445
1742427132508 -63673.140625 446
1742427141875 -37957.984375 447
1742427151392 -41699.109375 448
1742427160806 -46370.078125 449
1742427170356 -43639.671875 450
1742427179888 -62570.890625 451
1742427189405 -39219.2421875 452
1742427189952 127.37283325195312 453
1742427199492 -51273.53125 454
1742427208905 -43555.8515625 455
1742427218754 -54399.8046875 456
1742427219312 127.33745574951172 457
1742427228737 -52785.27734375 458
1742427238296 -50239.01171875 459
1742427247855 -53377.4765625 460
1742427258386 -48481.50390625 461
1742427267871 -37115.3046875 462
1742427277343 -48044.8984375 463
1742427286904 -37519.890625 464
1742427291540 -1911.329345703125 465
1742427301043 -50714.5625 466
1742427310611 -37740.953125 467
1742427320131 -54227.0390625 468
1742427329613 -40825.81640625 469
1742427339122 -51034.6953125 470
1742427348691 -47714.3046875 471
1742427358278 -38565.73828125 472
1742427368846 -52799.41015625 473
1742427376537 -13649.341796875 474
1742427386080 -42417.46484375 475
1742427395642 -56938.65625 476
1742427405177 -46051.203125 477
1742427405817 123.73308563232422 478
1742427415382 -37622.6796875 479
1742427424988 -45457.2109375 480
1742427434575 -48266.328125 481
1742427444859 -39796.0234375 482
1742427454497 -56308.421875 483
1742427465047 -39068.26171875 484
1742427475641 -37738.453125 485
1742427485242 -56271.05078125 486
1742427494808 -51357.03125 487
1742427504439 -59969.25390625 488
1742427514933 -57445.171875 489
1742427524540 -40605.2734375 490
1742427534078 -54324.734375 491
1742427543572 -46200.51171875 492
1742427552948 -40330.69140625 493
1742427563035 -51120.5078125 494
1742427573180 -35463.26171875 495
1742427582788 -50414.4375 496
1742427592263 -62373.1640625 497
1742427601790 -43270.171875 498
1742427611332 -67387.078125 499
1742427611985 120.4305191040039 500
1742427621526 -40415.390625 501
1742427631075 -46857.015625 502
1742427640624 -40842.890625 503
1742427650150 -42676.25 504
1742427659894 -51034.5078125 505
1742427669578 -53165.359375 506
1742427673840 -8696.8671875 507
1742427684012 -54099.6484375 508
1742427694185 -61954.21875 509
1742427704431 -47606.6640625 510
1742427704992 124.62590026855469 511
1742427715444 -67827.578125 512
1742427725847 -45848.86328125 513
1742427735925 -50573.66015625 514
1742427745539 -65560.40625 515
1742427755194 -56489.5078125 516
1742427764795 -52541.171875 517
1742427774347 -51763.3671875 518
1742427783963 -59990.4765625 519
1742427793482 -50940.078125 520
1742427801441 -30362.13671875 521
1742427811115 -45413.7890625 522
1742427820794 -56495.015625 523
1742427830471 -53999.9453125 524
1742427840154 -61596.296875 525
1742427849866 -48696.5546875 526
1742427859486 -63984.8359375 527
1742427869067 -46518.3125 528
1742427869617 129.5820770263672 529
1742427879788 -49679.34375 530
1742427889451 -62414.25 531
1742427899579 -55058.87890625 532
1742427909144 -54970.2734375 533
1742427918750 -49511.4453125 534
1742427928454 -39629.375 535
1742427938182 -52939.53125 536
1742427947879 -54890.40234375 537
1742427957391 -55770.9609375 538
1742427961828 221.78416442871094 539
1742427971407 -46000.26953125 540
1742427981024 -56020.5859375 541
1742427990746 -63462.1953125 542
1742428001158 -68368.03125 543
1742428011105 -59097.19921875 544
1742428020816 -60261.0703125 545
1742428030647 -56960.078125 546
1742428040267 -59785.4375 547
1742428049952 -61523.72265625 548
1742428059579 -54705.703125 549
1742428069200 -53187.9453125 550
1742428078913 -45438.4453125 551
1742428089394 -61165.2578125 552
1742428099821 -38543.41796875 553
1742428109485 -62730.37890625 554
1742428110045 136.81942749023438 555
1742428119692 -44221.81640625 556
1742428129418 -61834.3671875 557
1742428139086 -50897.0078125 558
1742428149357 -56664.546875 559
1742428159095 -72765.7890625 560
1742428159650 161.3430633544922 561
1742428169327 -42017.8046875 562
1742428179447 -53895.078125 563
1742428189100 -69977.328125 564
1742428198797 -51058.73046875 565
1742428208486 -40021.7578125 566
1742428218070 -59195.6484375 567
1742428218621 135.86830139160156 568
1742428228367 -47355.43359375 569
1742428228919 133.39129638671875 570
1742428238612 -51517.7109375 571
1742428248853 -58646.734375 572
1742428258540 -61335.46875 573
1742428264899 -18323.55078125 574
1742428274757 -45744.78125 575
1742428284482 -53756.234375 576
1742428294891 -44753.265625 577
1742428305156 -48379.21875 578
1742428314983 -62332.2109375 579
1742428324732 -51249.3046875 580
1742428334479 -43815.3984375 581
1742428344121 -59160.5546875 582
1742428353884 -38927.765625 583
1742428363714 -57804.0390625 584
1742428373588 -50527.6796875 585
1742428383552 -58223.93359375 586
1742428393159 -48568.75 587
1742428402867 -57062.88671875 588
1742428412611 -44892.4765625 589
1742428422284 -53783.5234375 590
1742428432094 -68041.5078125 591
1742428441776 -49614.44921875 592
1742428451366 -49461.61328125 593
1742428460966 -38360.6875 594
1742428470674 -57609.4921875 595
1742428480346 -52780.20703125 596
1742428489935 -69889.125 597
1742428499355 -55176.8203125 598
1742428508862 -54987.07421875 599
1742428509418 130.61605834960938 600
1742428519516 -55433.265625 601
1742428529121 -74862.5 602
1742428538760 -41257.3984375 603
1742428548332 -55214.8984375 604
1742428557929 -56082.5625 605
1742428568146 -58675.57421875 606
1742428577689 -59422.4296875 607
1742428587116 -67574.3125 608
1742428587873 1042.795166015625 609
1742428588426 126.5949935913086 610
1742428597905 -39851.2890625 611
1742428606502 -22924.98828125 612
1742428616197 -78968.140625 613
1742428625643 -49614.8984375 614
1742428635266 -58555.921875 615
1742428644830 -64434.3359375 616
1742428654448 -52839.9765625 617
1742428663968 -46576.265625 618
1742428673616 -65146.8828125 619
1742428683141 -56300.984375 620
1742428692607 -59316.0234375 621
1742428702128 -49118.9921875 622
1742428711603 -55960.2890625 623
1742428721120 -51346.140625 624
1742428730635 -55749.546875 625
1742428740146 -64437.69921875 626
1742428749736 -60505.8359375 627
1742428759349 -62516.09765625 628
1742428769517 -69473.4296875 629
1742428779050 -63667.671875 630
1742428788552 -49249.984375 631
1742428798054 -52043.0078125 632
1742428808138 -46829.85546875 633
1742428818270 -64888.42578125 634
1742428827791 -48964.90234375 635
1742428837457 -46092.765625 636
1742428846994 -67813.8125 637
1742428856747 -56251.0625 638
1742428860394 -4209.2080078125 639
1742428869931 -61276.8125 640
1742428879770 -61470.44921875 641
1742428889242 -54892.39453125 642
1742428898896 -55489.61328125 643
1742428908523 -46161.3828125 644
1742428918085 -57298.55078125 645
1742428927665 -66624.65625 646
1742428937284 -62873.578125 647
1742428940321 4100.7412109375 648
1742428949920 -78064.921875 649
1742428958933 -29325.06640625 650
1742428968536 -67059.0078125 651
1742428978148 -58293.55078125 652
1742428987741 -51238.4140625 653
1742428997313 -51228.8359375 654
1742429006958 -51505.82421875 655
1742429016572 -40608.69921875 656
1742429026175 -51319.41015625 657
1742429035738 -58952.9921875 658
1742429045274 -48468.28515625 659
1742429054874 -46956.1171875 660
1742429064387 -52586.0859375 661
1742429073959 -45633.265625 662
1742429083529 -53758.25 663
1742429093129 -61476.30859375 664
1742429102781 -51649.03125 665
1742429112475 -51076.70703125 666
1742429122103 -77698.609375 667
1742429122654 137.31549072265625 668
1742429132279 -62279.890625 669
1742429142255 -48568.171875 670
1742429152009 -56422.8828125 671
1742429156359 2483.2646484375 672
1742429166166 -61215.15625 673
1742429175029 -49437.5625 674
1742429184736 -45960.29296875 675
1742429194715 -47320.0703125 676
1742429204495 -47557.5625 677
1742429214053 -53676.6328125 678
1742429223684 -52326.80859375 679
1742429233234 -44461.0546875 680
1742429242908 -61576.875 681
1742429252552 -47379.05859375 682
1742429262214 -56323.81640625 683
1742429271845 -53357.51953125 684
1742429281634 -50293.6484375 685
1742429291259 -46957.33203125 686
1742429300869 -43349.28515625 687
1742429310579 -68774.7890625 688
1742429320738 -56293.4921875 689
1742429330430 -53484.421875 690
1742429340094 -44533.546875 691
1742429350469 -41346.1796875 692
1742429360233 -53430.71875 693
1742429369809 -74151.984375 694
1742429379416 -68782.359375 695
1742429389076 -51290.3203125 696
1742429398761 -55083.4765625 697
1742429408430 -46863.4296875 698
1742429418058 -38845.609375 699
1742429427845 -62283.76953125 700
1742429437574 -50774.4140625 701
1742429447228 -72155.84375 702
1742429456912 -50777.1328125 703
1742429466689 -54137.6015625 704
1742429476428 -67397.046875 705
1742429486097 -84208.890625 706
1742429495833 -51018.77734375 707
1742429505456 -59707.60546875 708
1742429515223 -55572.953125 709
1742429524865 -59547.74609375 710
1742429534592 -75746.8046875 711
1742429544369 -70893.59375 712
1742429554150 -48477.14453125 713
1742429563912 -55835.63671875 714
1742429573571 -48638.58203125 715
1742429583304 -51193.36328125 716
1742429593067 -61837.24609375 717
1742429602840 -57409.12890625 718
1742429611196 -27719.666015625 719
1742429620980 -56421.2890625 720
1742429630796 -46946.41015625 721
1742429640594 -64647.3515625 722
1742429650263 -85937.03125 723
1742429659922 -60584.78125 724
1742429669713 -64600.6328125 725
1742429679146 -64172.953125 726
1742429688608 -71860.40625 727
1742429698504 -60239.453125 728
1742429705028 -21245.484375 729
1742429714670 -56935.296875 730
1742429724839 -58113.4453125 731
1742429735377 -60034.859375 732
1742429744876 -51340.2421875 733
1742429755309 -67648.15625 734
1742429764956 -48403.3984375 735
1742429766578 3688.784912109375 736
1742429776449 -64693.5546875 737
1742429777010 144.87425231933594 738
1742429786493 -64815.2265625 739
1742429796027 -70763.421875 740
1742429799935 -7345.6953125 741
1742429806195 -9333.0 742
1742429816451 -71681.296875 743
1742429825970 -60981.8125 744
1742429835456 -47732.3359375 745
1742429845028 -77337.3828125 746
1742429854655 -59352.078125 747
1742429855218 139.56997680664062 748
1742429864789 -49678.3515625 749
1742429874282 -62826.625 750
1742429883887 -50115.88671875 751
1742429893592 -64699.48828125 752
1742429903212 -79384.921875 753
1742429912786 -47164.9296875 754
1742429922935 -56628.83203125 755
1742429932521 -52243.44921875 756
1742429942041 -50166.78125 757
1742429951709 -55266.3046875 758
1742429957879 -21196.76953125 759
1742429967496 -51806.68359375 760
1742429977113 -53187.4375 761
1742429986701 -55339.0234375 762
1742429996259 -73180.65625 763
1742429996817 147.11570739746094 764
1742430006722 -53882.09375 765
1742430016741 -51289.734375 766
1742430026200 -83905.6328125 767
1742430035830 -56224.45703125 768
1742430046330 -68765.9765625 769
1742430055751 -66109.09375 770
1742430056313 143.3466339111328 771
1742430065848 -41370.9765625 772
1742430075398 -70024.6796875 773
1742430085075 -63346.8125 774
1742430094675 -47131.9375 775
1742430104150 -49943.94921875 776
1742430113751 -48225.96875 777
1742430123355 -57161.6171875 778
1742430133465 -58505.7109375 779
1742430134190 991.6007690429688 780
1742430143705 -47001.85546875 781
1742430153243 -56692.83203125 782
1742430162916 -69050.828125 783
1742430172582 -56320.890625 784
1742430182817 -71499.421875 785
1742430192448 -82704.8671875 786
1742430201994 -56167.86328125 787
1742430211566 -53898.7265625 788
1742430221163 -65550.625 789
1742430231323 -57619.6875 790
1742430241811 -57373.7421875 791
1742430253096 -66258.078125 792
1742430262702 -70472.453125 793
1742430263257 151.14088439941406 794
1742430272890 -67299.015625 795
1742430282503 -68101.5546875 796
1742430292113 -75506.4375 797
1742430302104 -67266.328125 798
1742430311656 -56153.6484375 799
1742430321235 -67544.0234375 800
1742430330980 -47003.39453125 801
1742430340641 -52653.4453125 802
1742430348384 -15417.33203125 803
1742430358091 -69726.5078125 804
1742430367863 -52433.14453125 805
1742430377710 -50323.171875 806
1742430387402 -49191.296875 807
1742430397122 -52378.8125 808
1742430406803 -65196.9296875 809
1742430416466 -65003.3515625 810
1742430426122 -68221.640625 811
1742430435814 -52907.3828125 812
1742430445434 -73260.578125 813
1742430455003 -56190.765625 814
1742430460225 -18981.5625 815
1742430469924 -59875.71875 816
1742430480703 -60778.08984375 817
1742430490324 -55182.07421875 818
1742430500018 -56487.22265625 819
1742430504039 698.8041381835938 820
1742430513728 -54609.5546875 821
1742430523467 -51390.296875 822
1742430533039 -49909.9453125 823
1742430542761 -54637.12109375 824
1742430552460 -78380.625 825
1742430562148 -66891.765625 826
1742430571870 -44494.38671875 827
1742430581465 -73249.125 828
1742430591082 -76162.53125 829
1742430600805 -79154.28125 830
1742430610543 -56296.875 831
1742430612943 3996.9736328125 832
1742430622798 -62240.4609375 833
1742430632450 -61080.5 834
1742430642840 -66992.5625 835
1742430652538 -73030.96875 836
1742430662121 -72598.5625 837
1742430672681 -63839.23046875 838
1742430682381 -79229.671875 839
1742430692102 -78975.0 840
1742430702595 -51269.46484375 841
1742430712310 -49974.33203125 842
1742430722092 -90049.7890625 843
1742430731874 -75125.953125 844
1742430741676 -58111.22265625 845
1742430751606 -68748.9765625 846
1742430761259 -68705.515625 847
1742430770904 -72439.421875 848
1742430780700 -73146.3125 849
1742430790379 -83031.578125 850
1742430800103 -82847.0546875 851
1742430809778 -73670.15625 852
1742430819413 -67958.9375 853
1742430829170 -55978.5625 854
1742430838781 -52338.234375 855
1742430848273 -54618.875 856
1742430857836 -71212.09375 857
1742430867738 -69499.8125 858
1742430877318 -85736.25 859
1742430886873 -66188.296875 860
1742430897162 -54459.8671875 861
1742430906644 -51056.7578125 862
1742430916141 -60633.9296875 863
1742430925852 -64401.4609375 864
1742430928570 4498.71435546875 865
1742430937912 -34221.5625 866
1742430947539 -50451.52734375 867
1742430957035 -49128.78125 868
1742430966662 -59967.1171875 869
1742430976291 -58093.98046875 870
1742430986519 -75347.6015625 871
1742430991619 -18238.791015625 872
1742431001271 -64186.296875 873
1742431011470 -50140.953125 874
1742431012398 1946.88720703125 875
1742431013029 205.33555603027344 876
1742431022672 -74609.859375 877
1742431023252 148.99172973632812 878
1742431032854 -66596.8359375 879
1742431042435 -54837.5625 880
1742431052111 -94990.671875 881
1742431061601 -74639.7578125 882
1742431071423 -79073.0078125 883
1742431081573 -68384.203125 884
1742431091216 -64741.4453125 885
1742431100758 -74196.5 886
1742431110391 -87025.859375 887
1742431120008 -57610.3515625 888
1742431129531 -58389.015625 889
1742431139065 -62164.234375 890
1742431148609 -76417.9140625 891
1742431158298 -78312.078125 892
1742431158855 158.72845458984375 893
1742431168494 -64081.390625 894
1742431173875 -17515.955078125 895
1742431183531 -51055.65234375 896
1742431193147 -71407.0625 897
1742431202864 -72578.5703125 898
1742431212418 -72224.6875 899
1742431222011 -55774.796875 900
1742431231614 -83386.7421875 901
1742431241388 -88292.1875 902
1742431251062 -63086.2734375 903
1742431261429 -66367.3359375 904
1742431270949 -62614.2109375 905
1742431280530 -58409.5546875 906
1742431289992 -71479.5625 907
1742431299624 -83873.109375 908
1742431309884 -71679.9453125 909
1742431310446 174.4786834716797 910
1742431319902 -90853.46875 911
1742431320464 158.7054901123047 912
1742431330012 -75503.2890625 913
1742431339535 -67077.03125 914
1742431349856 -56627.9140625 915
1742431359545 -53129.59375 916
1742431369178 -65715.484375 917
1742431378852 -81213.09375 918
1742431388570 -87444.8828125 919
1742431398268 -72251.359375 920
1742431407804 -85779.171875 921
1742431417489 -59785.515625 922
1742431418047 153.57077026367188 923
1742431427722 -58520.453125 924
1742431437451 -56828.7421875 925
1742431447050 -86845.484375 926
1742431453118 -10494.1591796875 927
1742431462993 -60774.0390625 928
1742431472812 -79657.8203125 929
1742431482560 -59332.2421875 930
1742431492341 -74603.7578125 931
1742431502209 -86931.34375 932
1742431512441 -65171.8203125 933
1742431522149 -79724.984375 934
1742431531755 -53571.2265625 935
1742431541557 -81405.765625 936
1742431551244 -72285.765625 937
1742431560938 -68211.0078125 938
1742431566642 -4440.712890625 939
1742431570757 -7927.4658203125 940
1742431578779 -21268.203125 941
1742431588443 -71052.59375 942
1742431598148 -59067.015625 943
1742431607809 -46626.6484375 944
1742431617496 -59139.921875 945
1742431627243 -65405.6796875 946
1742431637463 -48534.46875 947
1742431648176 -68062.7265625 948
1742431657862 -68752.59375 949
1742431667551 -88627.265625 950
1742431677266 -76880.75 951
1742431677910 162.57220458984375 952
1742431687711 -68351.390625 953
1742431688277 160.06492614746094 954
1742431698201 -65861.734375 955
1742431707845 -63365.1953125 956
1742431717570 -52042.99609375 957
1742431727254 -80361.515625 958
1742431736872 -53558.0234375 959
1742431746547 -69043.3359375 960
1742431756236 -60069.13671875 961
1742431765739 -70423.7109375 962
1742431775537 -67425.0546875 963
1742431785895 -79774.3515625 964
1742431786472 161.1324462890625 965
1742431796492 -63184.12890625 966
1742431806090 -77826.640625 967
1742431806740 179.12376403808594 968
1742431816424 -57731.671875 969
1742431826110 -88285.546875 970
1742431835847 -54031.1640625 971
1742431845966 -65574.3046875 972
1742431856309 -75341.375 973
1742431866075 -58536.875 974
1742431875702 -82153.265625 975
1742431885276 -50457.671875 976
1742431894900 -66540.390625 977
1742431904621 -52551.8046875 978
1742431915129 -82843.28125 979
1742431924883 -62738.83203125 980
1742431934637 -91920.46875 981
1742431944446 -71910.359375 982
1742431954158 -74984.296875 983
1742431963908 -54715.16015625 984
1742431973593 -72499.734375 985
1742431983307 -85649.0546875 986
1742431993070 -60162.359375 987
1742432002863 -66062.734375 988
1742432012645 -78605.8984375 989
1742432023007 -80047.8046875 990
1742432032857 -74128.765625 991
1742432043486 -71731.3828125 992
1742432053114 -70689.0625 993
1742432062956 -86598.734375 994
1742432072635 -59122.75 995
1742432082206 -74193.71875 996
1742432091826 -48774.9375 997
1742432101485 -89097.671875 998
1742432111190 -63249.421875 999
1742432120688 -86673.5390625 1000
1742432130242 -72276.0 1001
1742432139815 -91555.2265625 1002
1742432149321 -89613.6484375 1003
1742432158857 -70875.7265625 1004
1742432164090 -20566.244140625 1005
1742432173697 -72744.828125 1006
1742432183268 -76763.2890625 1007
1742432192710 -80532.5625 1008
1742432202874 -62218.375 1009
1742432212487 -77171.078125 1010
1742432222123 -51490.84765625 1011
1742432231691 -73079.921875 1012
1742432241140 -87226.015625 1013
1742432250701 -98049.5 1014
1742432260244 -52121.9375 1015
1742432269751 -58335.0859375 1016
1742432279325 -59595.140625 1017
1742432284431 -20073.357421875 1018
1742432293916 -68155.828125 1019
1742432303474 -78176.234375 1020
1742432313186 -74183.65625 1021
1742432322854 -61649.03515625 1022
1742432332421 -65260.078125 1023
1742432341874 -71098.5859375 1024
1742432351390 -71682.1640625 1025
1742432360972 -76752.171875 1026
1742432370480 -95210.765625 1027
1742432375077 -12914.99609375 1028
1742432384639 -94316.7265625 1029
1742432394783 -83806.0390625 1030
1742432404371 -79946.1875 1031
1742432413944 -70723.71875 1032
1742432414585 165.1755828857422 1033
1742432424120 -62415.9140625 1034
1742432433738 -72740.5625 1035
1742432443241 -90317.5390625 1036
1742432452794 -76860.875 1037
1742432462463 -56637.6328125 1038
1742432472062 -83331.59375 1039
1742432481685 -63311.828125 1040
1742432491299 -66087.453125 1041
1742432500840 -53112.8984375 1042
1742432510527 -73332.3125 1043
1742432520137 -69452.78125 1044
1742432529740 -72720.7421875 1045
1742432536476 -14552.203125 1046
1742432546166 -50819.2578125 1047
1742432555871 -71235.0625 1048
1742432565446 -61497.44140625 1049
1742432575017 -59348.5390625 1050
1742432575577 161.72877502441406 1051
1742432585152 -76102.8671875 1052
1742432594869 -56297.453125 1053
1742432604686 -63401.1484375 1054
1742432614304 -92827.390625 1055
1742432623884 -85931.453125 1056
1742432633594 -60276.09375 1057
1742432643291 -62355.484375 1058
1742432653008 -86014.796875 1059
1742432662665 -71055.265625 1060
1742432672262 -71068.4921875 1061
1742432681873 -58436.53125 1062
1742432691532 -63978.0390625 1063
1742432701224 -79132.921875 1064
1742432710923 -62101.3515625 1065
1742432720458 -80269.734375 1066
1742432730109 -61129.0625 1067
1742432739944 -89746.453125 1068
1742432749560 -65380.65625 1069
1742432759944 -70970.5 1070
1742432769707 -61255.03125 1071
1742432779422 -82714.828125 1072
1742432789052 -49243.3359375 1073
1742432799023 -69548.0390625 1074
1742432799688 183.2455596923828 1075
1742432800250 169.45803833007812 1076
1742432809826 -86789.203125 1077
1742432819423 -81497.7109375 1078
1742432829131 -79056.359375 1079
1742432838942 -59349.0625 1080
1742432848674 -71156.921875 1081
1742432858426 -62358.328125 1082
1742432868275 -75216.171875 1083
1742432877987 -85626.125 1084
1742432887579 -66127.5390625 1085
1742432892230 -10541.30078125 1086
1742432901871 -77706.7421875 1087
1742432911723 -70346.59375 1088
1742432921356 -63379.8671875 1089
1742432931194 -88679.125 1090
1742432940979 -76245.390625 1091
1742432950778 -53083.5234375 1092
1742432960554 -56201.82421875 1093
1742432970269 -53986.0234375 1094
1742432980409 -87631.25 1095
1742432990118 -101201.4921875 1096
1742433000054 -38494.54296875 1097
1742433009800 -75531.78125 1098
1742433019432 -75577.8046875 1099
1742433029054 -64897.6640625 1100
1742433033929 4489.9140625 1101
1742433044277 -77520.265625 1102
1742433054071 -77351.65625 1103
1742433061360 -32570.447265625 1104
1742433071037 -86104.859375 1105
1742433080675 -95194.7265625 1106
1742433084740 1048.47998046875 1107
1742433094359 -84620.84375 1108
1742433103935 -68135.1953125 1109
1742433113506 -73258.296875 1110
1742433114068 165.48411560058594 1111
1742433124147 -58168.69921875 1112
1742433134006 -76050.9296875 1113
1742433143503 -87389.515625 1114
1742433153115 -55648.5625 1115
1742433162576 -69627.1875 1116
1742433172156 -89696.9375 1117
1742433182508 -84643.1015625 1118
1742433183084 168.98846435546875 1119
1742433192598 -55238.6953125 1120
1742433202790 -84813.96875 1121
1742433203356 191.86611938476562 1122
1742433212957 -59290.5234375 1123
1742433213595 171.6631622314453 1124
1742433223150 -80901.78125 1125
1742433232659 -61375.58203125 1126
1742433242403 -80929.109375 1127
1742433251895 -62253.875 1128
1742433261508 -63415.49609375 1129
1742433271121 -67460.4921875 1130
1742433280718 -82906.875 1131
1742433290389 -76874.703125 1132
1742433290977 370.843017578125 1133
1742433300671 -73770.203125 1134
1742433301309 172.20509338378906 1135
1742433310896 -80002.09375 1136
1742433320504 -81963.609375 1137
1742433330539 -87040.3828125 1138
1742433340183 -76050.9609375 1139
1742433350864 -58777.3125 1140
1742433360458 -59524.89453125 1141
1742433369984 -66736.1953125 1142
1742433379454 -76262.5546875 1143
1742433388838 -51367.2109375 1144
1742433398385 -88742.75 1145
1742433407842 -65578.3125 1146
1742433417328 -64262.71875 1147
1742433422974 -7995.037109375 1148
1742433432438 -80780.625 1149
1742433433017 228.0266876220703 1150
1742433443162 -59206.70703125 1151
1742433452967 -55762.00390625 1152
1742433462713 -75444.6328125 1153
1742433472315 -84341.5 1154
1742433481859 -94362.34375 1155
1742433489095 -36694.421875 1156
1742433498504 -60874.828125 1157
1742433508012 -78375.03125 1158
1742433508564 181.8693084716797 1159
1742433518097 -65052.5625 1160
1742433527597 -71643.6015625 1161
1742433537162 -77736.796875 1162
1742433546775 -103744.03125 1163
1742433556648 -74605.046875 1164
1742433566081 -82017.390625 1165
1742433575580 -67206.1171875 1166
1742433585137 -66297.265625 1167
1742433587470 4435.24560546875 1168
1742433597008 -79420.6796875 1169
1742433606906 -73760.8359375 1170
1742433616273 -81836.8828125 1171
1742433625845 -91231.359375 1172
1742433636257 -72492.5625 1173
1742433645788 -92540.3671875 1174
1742433655355 -66726.46875 1175
1742433664749 -79673.7421875 1176
1742433668587 -9704.255859375 1177
1742433678118 -88388.265625 1178
1742433687585 -84410.6875 1179
1742433697063 -89975.7109375 1180
1742433706519 -80560.421875 1181
1742433707110 367.52490234375 1182
1742433707652 174.88406372070312 1183
1742433717260 -60656.26953125 1184
1742433726776 -69001.5625 1185
1742433736312 -92796.03125 1186
1742433745956 -66882.046875 1187
1742433755505 -63558.8359375 1188
1742433765627 -85651.9296875 1189
1742433775819 -70771.5 1190
1742433785309 -63681.1328125 1191
1742433794693 -66422.75 1192
1742433804129 -86693.328125 1193
1742433813672 -57281.0703125 1194
1742433823198 -59513.80859375 1195
1742433832834 -56482.53125 1196
1742433833393 199.7113037109375 1197
1742433842850 -79981.734375 1198
1742433852442 -74410.4375 1199
1742433861940 -62646.578125 1200
1742433871487 -90232.53125 1201
1742433881063 -60984.30859375 1202
1742433890586 -70971.1640625 1203
1742433900090 -60319.1328125 1204
1742433909835 -71657.8671875 1205
1742433919420 -70897.96875 1206
1742433929074 -71753.578125 1207
1742433938876 -68841.5859375 1208
1742433948630 -77114.8046875 1209
1742433949292 386.8023681640625 1210
1742433958722 -80178.09375 1211
1742433968310 -73873.15625 1212
1742433977863 -70397.5390625 1213
1742433987518 -95348.25 1214
1742433997197 -81623.15625 1215
1742434006872 -75825.515625 1216
1742434017032 -54449.40625 1217
1742434026547 -60989.1484375 1218
1742434036216 -70183.7734375 1219
1742434045836 -70515.25 1220
1742434055486 -80504.6171875 1221
1742434057055 4760.2275390625 1222
1742434057611 174.14418029785156 1223
1742434067320 -59290.54296875 1224
1742434076888 -99403.0 1225
1742434086491 -62152.1171875 1226
1742434087124 174.52532958984375 1227
1742434097374 -79590.5703125 1228
1742434102280 542.8737182617188 1229
1742434104174 5086.47705078125 1230
1742434113747 -78025.125 1231
1742434123540 -76849.0 1232
1742434133243 -47608.0625 1233
1742434142921 -75267.203125 1234
1742434152556 -74144.75 1235
1742434162289 -56293.41015625 1236
1742434170922 -44412.4453125 1237
1742434171594 383.98828125 1238
1742434172152 177.3956298828125 1239
1742434172710 175.12672424316406 1240
1742434182376 -82273.71875 1241
1742434192023 -80182.5 1242
1742434200252 -44578.1171875 1243
1742434209953 -97015.96875 1244
1742434212733 -3969.34521484375 1245
1742434222324 -61592.953125 1246
1742434223346 2247.109375 1247
1742434233521 -72090.2890625 1248
1742434243211 -101961.546875 1249
1742434252815 -69270.4140625 1250
1742434262413 -76903.09375 1251
1742434271955 -76997.84375 1252
1742434282151 -58737.16796875 1253
1742434291784 -68996.484375 1254
1742434301389 -77761.7734375 1255
1742434310917 -85359.6484375 1256
1742434320515 -72314.453125 1257
1742434330007 -99042.8671875 1258
1742434339570 -55227.43359375 1259
1742434349122 -66399.125 1260
1742434358852 -80795.75 1261
1742434368075 -28590.560546875 1262
1742434377593 -78031.265625 1263
1742434387214 -63018.53125 1264
1742434397028 -57395.484375 1265
1742434397585 206.11985778808594 1266
1742434407160 -69825.09375 1267
1742434416915 -72593.453125 1268
1742434426640 -67223.390625 1269
1742434436422 -57660.0546875 1270
1742434446098 -71188.71875 1271
1742434450303 -3298.717041015625 1272
1742434460167 -75162.40625 1273
1742434470069 -93850.5859375 1274
1742434479824 -65103.0390625 1275
1742434490172 -82630.8984375 1276
1742434500072 -63741.5625 1277
1742434509771 -86706.8046875 1278
1742434519436 -99094.8828125 1279
1742434529914 -80070.53125 1280
1742434540464 -87386.09375 1281
1742434550097 -101675.90625 1282
1742434559765 -95408.7734375 1283
1742434560340 180.56967163085938 1284
1742434570128 -68682.78125 1285
1742434579770 -70022.90625 1286
1742434589546 -61708.4375 1287
1742434598943 -64576.6640625 1288
1742434608424 -73226.2421875 1289
1742434617965 -97837.421875 1290
1742434625359 -22747.28515625 1291
1742434635060 -86803.28125 1292
1742434644741 -48145.0 1293
1742434654504 -94634.390625 1294
1742434664164 -62258.4453125 1295
1742434673771 -80823.890625 1296
1742434683409 -82464.125 1297
1742434692942 -85669.875 1298
1742434702606 -75858.578125 1299
1742434712235 -67029.640625 1300
1742434721887 -72760.140625 1301
1742434725275 -5483.6328125 1302
1742434735676 -69540.6484375 1303
1742434745336 -63631.2109375 1304
1742434750116 -12802.689453125 1305
1742434759619 -80058.21875 1306
1742434769343 -73258.3359375 1307
1742434776383 -31879.3359375 1308
1742434786778 -69936.6484375 1309
1742434796068 -27743.5 1310
1742434805683 -76288.125 1311
1742434815378 -64513.046875 1312
1742434824975 -82081.109375 1313
1742434834657 -63954.63671875 1314
1742434844275 -87028.296875 1315
1742434854111 -72185.375 1316
1742434863707 -82920.1328125 1317
1742434873271 -73345.1953125 1318
1742434882875 -89335.921875 1319
1742434892467 -80056.859375 1320
1742434901945 -67717.84375 1321
1742434911764 -76728.6875 1322
1742434921481 -83381.0 1323
1742434931129 -72576.984375 1324
1742434940743 -114771.015625 1325
1742434950258 -63279.015625 1326
1742434959895 -67771.65625 1327
1742434969530 -70480.21875 1328
1742434973681 1032.45849609375 1329
1742434983454 -66502.9375 1330
1742434993229 -74495.9375 1331
1742435002918 -61874.69921875 1332
1742435012576 -80583.0625 1333
1742435013143 190.00465393066406 1334
1742435022893 -91484.328125 1335
1742435032576 -69900.484375 1336
1742435042131 -95229.1875 1337
1742435051910 -76691.4609375 1338
1742435061581 -85457.578125 1339
1742435071218 -70945.5625 1340
1742435071789 181.91905212402344 1341
1742435081632 -60878.81640625 1342
1742435091303 -56684.765625 1343
1742435092409 3376.19775390625 1344
1742435102320 -78529.9765625 1345
1742435112070 -74825.8125 1346
1742435121784 -76539.7578125 1347
1742435131465 -77646.8828125 1348
1742435141083 -67781.4765625 1349
1742435150699 -62327.625 1350
1742435160410 -66392.2578125 1351
1742435170063 -56842.58203125 1352
1742435180063 -97341.5078125 1353
1742435190097 -67352.7109375 1354
1742435200280 -99463.8984375 1355
1742435209878 -95197.1171875 1356
1742435219666 -75432.90625 1357
1742435229338 -70681.9296875 1358
1742435238944 -94753.9375 1359
1742435248706 -63597.4609375 1360
1742435251706 -5036.421875 1361
1742435261451 -70551.4453125 1362
1742435270973 -94654.4140625 1363
1742435274449 -4685.427734375 1364
1742435284619 -44027.3984375 1365
1742435294130 -72456.9921875 1366
1742435304121 -97889.1484375 1367
1742435313766 -106966.3125 1368
1742435314330 189.72265625 1369
1742435324065 -66838.0703125 1370
1742435324623 189.29840087890625 1371
1742435334258 -85172.0390625 1372
1742435343803 -87165.328125 1373
1742435353437 -75414.140625 1374
1742435362975 -59864.4609375 1375
1742435363546 185.33212280273438 1376
1742435373122 -55198.0234375 1377
1742435382722 -103996.75 1378
1742435392426 -80641.078125 1379
1742435392993 182.13357543945312 1380
1742435402689 -104289.390625 1381
1742435412571 -98828.59375 1382
1742435413139 187.31393432617188 1383
1742435413782 191.8390655517578 1384
1742435414344 189.78517150878906 1385
1742435424027 -71547.7421875 1386
1742435433671 -62039.40234375 1387
1742435443346 -68428.296875 1388
1742435444978 -141.69387817382812 1389
1742435454607 -97168.0078125 1390
1742435455172 180.991943359375 1391
1742435464805 -78524.40625 1392
1742435474481 -96174.46875 1393
1742435484161 -62592.97265625 1394
1742435493857 -73499.796875 1395
1742435503546 -91976.265625 1396
1742435513222 -66888.8046875 1397
1742435522975 -68079.515625 1398
1742435532662 -80471.28125 1399
1742435539512 -18267.630859375 1400
1742435547671 -43284.9296875 1401
1742435557472 -93084.015625 1402
1742435567290 -70994.6796875 1403
1742435577037 -66540.7890625 1404
1742435586833 -58116.28515625 1405
1742435596673 -60827.89453125 1406
1742435606442 -89646.6171875 1407
1742435616234 -74651.3203125 1408
1742435625917 -85301.625 1409
1742435635485 -89295.859375 1410
1742435645226 -84074.21875 1411
1742435655158 -66619.984375 1412
1742435664884 -82935.1171875 1413
1742435674645 -88421.640625 1414
1742435681939 -44012.82421875 1415
1742435691500 -108448.109375 1416
1742435701080 -81685.578125 1417
1742435710641 -94967.5078125 1418
1742435720328 -75076.265625 1419
1742435730194 -60552.9375 1420
1742435739927 -57460.4140625 1421
1742435749478 -92520.5703125 1422
1742435757761 -60193.078125 1423
1742435767221 -78908.3125 1424
1742435769252 5445.59521484375 1425
1742435778915 -70984.4296875 1426
1742435788533 -76993.40625 1427
1742435798234 -63298.5234375 1428
1742435807770 -84126.3046875 1429
1742435817307 -83846.21875 1430
1742435826854 -68855.8125 1431
1742435836433 -88164.4375 1432
1742435845958 -76645.453125 1433
1742435855503 -90053.515625 1434
1742435864940 -85441.796875 1435
1742435874877 -80072.609375 1436
1742435884966 -87358.4375 1437
1742435894279 -123090.75 1438
1742435903879 -72900.578125 1439
1742435910134 -40566.6953125 1440
1742435919658 -71294.28125 1441
1742435929168 -75346.71875 1442
1742435938766 -86036.1171875 1443
1742435948300 -85838.7265625 1444
1742435957785 -30613.06640625 1445
1742435967323 -68078.2265625 1446
1742435976970 -60496.15234375 1447
1742435985974 -66811.34375 1448
1742435986610 187.3105010986328 1449
1742435996175 -74577.2578125 1450
1742436005711 -85221.21875 1451
1742436015218 -78594.1875 1452
1742436024853 -75049.3359375 1453
1742436034317 -105068.609375 1454
1742436043846 -82687.703125 1455
1742436053420 -72900.3203125 1456
1742436062987 -75352.03125 1457
1742436072689 -77514.859375 1458
1742436082757 -89777.46875 1459
1742436092420 -82734.703125 1460
1742436102497 -81890.7734375 1461
1742436112099 -64799.25 1462
1742436122080 -96961.0625 1463
1742436131666 -79654.8046875 1464
1742436141318 -98453.734375 1465
1742436150925 -100173.8203125 1466
1742436160481 -80219.75 1467
1742436170063 -74938.359375 1468
1742436179661 -81294.25 1469
1742436189209 -77102.546875 1470
1742436198900 -75853.40625 1471
1742436208514 -77994.4375 1472
1742436218133 -63434.265625 1473
1742436228143 -66465.3359375 1474
1742436237942 -101313.453125 1475
1742436247666 -53276.5390625 1476
1742436257273 -68923.5 1477
1742436267606 -99355.984375 1478
1742436277169 -59905.28125 1479
1742436287248 -67074.515625 1480
1742436296994 -75880.8359375 1481
1742436306601 -102619.875 1482
1742436311487 -9234.822265625 1483
1742436313796 -1748.9979248046875 1484
1742436323485 -81816.65625 1485
1742436333279 -82721.6484375 1486
1742436343018 -78329.234375 1487
1742436352637 -80693.46875 1488
1742436362160 -76067.484375 1489
1742436371716 -62084.7578125 1490
1742436381569 -75964.6015625 1491
1742436391277 -95992.7578125 1492
1742436400933 -81901.6015625 1493
1742436411068 -65895.171875 1494
1742436421111 -78863.0703125 1495
1742436431026 -66369.609375 1496
1742436441117 -96038.9375 1497
1742436441765 189.48370361328125 1498
1742436451320 -70643.359375 1499
1742436461451 -67548.84375 1500
1742436471178 -64126.09375 1501
1742436480955 -75921.140625 1502
1742436490625 -75367.59375 1503
1742436500248 -82668.59375 1504
1742436509932 -59305.875 1505
1742436519527 -84239.2109375 1506
1742436529185 -82271.71875 1507
1742436535757 -13115.2236328125 1508
1742436545399 -89321.84375 1509
1742436555093 -63789.5703125 1510
1742436564738 -73859.9375 1511
1742436574508 -86156.7734375 1512
1742436584253 -98137.71875 1513
1742436593938 -69083.234375 1514
1742436603612 -89769.953125 1515
1742436613288 -87722.265625 1516
1742436624171 -94980.828125 1517
1742436634463 -61721.09375 1518
1742436644330 -71460.2734375 1519
1742436653888 -77423.078125 1520
1742436663553 -84228.78125 1521
1742436673288 -91364.5 1522
1742436683060 -68660.96875 1523
1742436683714 189.7255096435547 1524
1742436693419 -74331.9921875 1525
1742436703298 -73517.046875 1526
1742436713138 -66825.25 1527
1742436722910 -67280.796875 1528
1742436732575 -54552.9375 1529
1742436742245 -68774.8203125 1530
1742436751986 -66664.4765625 1531
1742436752557 200.0894317626953 1532
1742436762397 -106633.40625 1533
1742436772181 -81305.296875 1534
1742436772826 185.97056579589844 1535
1742436777727 -16247.703125 1536
1742436779747 6809.650390625 1537
1742436789939 -82691.0390625 1538
1742436799648 -84660.7578125 1539
1742436809464 -63396.125 1540
1742436819382 -93093.078125 1541
1742436829020 -64698.109375 1542
1742436838624 -85719.375 1543
1742436846951 -45727.6640625 1544
1742436847509 195.1564178466797 1545
1742436857252 -90517.71875 1546
1742436866998 -70432.734375 1547
1742436876471 -80990.2578125 1548
1742436886099 -85326.5625 1549
1742436895696 -65955.703125 1550
1742436905355 -65916.015625 1551
1742436915036 -103982.1875 1552
1742436924602 -81254.25 1553
1742436934140 -82282.03125 1554
1742436934701 190.36453247070312 1555
1742436944326 -86988.3125 1556
1742436953840 -112913.296875 1557
1742436963979 -90306.265625 1558
1742436974160 -71760.3125 1559
1742436983994 -59937.0859375 1560
1742436993521 -71819.7578125 1561
1742437003042 -82169.59375 1562
1742437012451 -117384.3828125 1563
1742437021980 -100894.859375 1564
1742437031838 -77874.484375 1565
1742437041497 -82839.390625 1566
1742437043036 5304.4052734375 1567
1742437052630 -82051.84375 1568
1742437062207 -57790.984375 1569
1742437071737 -77249.828125 1570
1742437081629 -88796.0 1571
1742437091238 -79012.4765625 1572
1742437100759 -79271.328125 1573
1742437108299 -38088.9296875 1574
1742437117795 -97366.75 1575
1742437127354 -89021.7265625 1576
1742437136905 -82918.4296875 1577
1742437146454 -89535.640625 1578
1742437155935 -110486.71875 1579
1742437165472 -67092.421875 1580
1742437168560 -6268.79296875 1581
1742437178175 -78370.546875 1582
1742437187783 -75830.7109375 1583
1742437197353 -75843.6875 1584
1742437207019 -61421.7890625 1585
1742437216717 -83460.2265625 1586
1742437226362 -63341.7109375 1587
1742437235912 -103491.78125 1588
1742437245480 -49765.5859375 1589
1742437255153 -84396.28125 1590
1742437264734 -100145.1875 1591
1742437274334 -91651.796875 1592
1742437284018 -76325.390625 1593
1742437293544 -108414.734375 1594
1742437303098 -65176.85546875 1595
1742437312644 -68370.0 1596
1742437322116 -81426.28125 1597
1742437331839 -88802.21875 1598
1742437341284 -108326.3125 1599
1742437350947 -65451.9296875 1600
1742437360573 -85665.28125 1601
1742437370124 -77442.265625 1602
1742437379760 -67586.265625 1603
1742437389281 -79145.140625 1604
1742437398947 -71825.421875 1605
1742437399512 203.03366088867188 1606
1742437409796 -63525.21875 1607
1742437419434 -74020.28125 1608
1742437429217 -89105.7734375 1609
1742437438759 -102617.78125 1610
1742437448353 -81599.4453125 1611
1742437457941 -80756.453125 1612
1742437467683 -70386.3203125 1613
1742437477497 -81350.8984375 1614
1742437487376 -99873.75 1615
1742437497224 -84382.8203125 1616
1742437507007 -99185.859375 1617
1742437516839 -72992.6171875 1618
1742437518443 5137.005859375 1619
1742437528174 -70755.375 1620
1742437528730 197.59765625 1621
1742437538347 -77242.21875 1622
1742437547921 -69342.546875 1623
1742437557399 -94560.78125 1624
1742437566979 -67115.3125 1625
1742437576587 -71737.421875 1626
1742437577546 2630.240966796875 1627
1742437587139 -79060.15625 1628
1742437596769 -72450.40625 1629
1742437605250 -66459.453125 1630
1742437614860 -73443.609375 1631
1742437624506 -84515.765625 1632
1742437634119 -82851.046875 1633
1742437643692 -83411.859375 1634
1742437653296 -85247.25 1635
1742437662999 -101299.53125 1636
1742437672806 -94743.65625 1637
1742437682467 -101156.4296875 1638
1742437691954 -78728.0 1639
1742437701408 -81176.5 1640
1742437710999 -89119.4375 1641
1742437720671 -97916.8515625 1642
1742437730366 -84618.421875 1643
1742437740655 -89656.59375 1644
1742437750391 -82777.59375 1645
1742437750963 196.44171142578125 1646
1742437751612 205.55636596679688 1647
1742437761163 -72430.796875 1648
1742437761743 198.9934844970703 1649
1742437771369 -68683.4296875 1650
1742437780993 -87349.1328125 1651
1742437790858 -76807.9453125 1652
1742437800579 -106718.40625 1653
1742437810236 -71942.9765625 1654
1742437820118 -82671.6875 1655
1742437829739 -75630.453125 1656
1742437839531 -65137.14453125 1657
1742437849269 -67128.6484375 1658
1742437858932 -78744.21875 1659
1742437868608 -77193.7421875 1660
1742437876052 -22067.013671875 1661
1742437885841 -69562.109375 1662
1742437894261 -46430.6015625 1663
1742437904033 -117667.828125 1664
1742437912875 -66505.359375 1665
1742437922581 -95779.1015625 1666
1742437931488 -49739.79296875 1667
1742437941290 -87465.1328125 1668
1742437941929 192.71670532226562 1669
1742437946440 -575.7769775390625 1670
1742437956264 -72490.671875 1671
1742437966020 -90346.96875 1672
1742437968377 -2518.125732421875 1673
1742437978125 -88445.515625 1674
1742437987793 -67003.6796875 1675
1742437997569 -81447.640625 1676
1742438007445 -70174.5 1677
1742438017106 -90614.234375 1678
1742438027050 -103228.0 1679
1742438036854 -88025.921875 1680
1742438046590 -65801.7890625 1681
1742438056378 -66416.5 1682
1742438066093 -83420.671875 1683
1742438076329 -102084.359375 1684
1742438086087 -129247.359375 1685
1742438090036 -11152.140625 1686
1742438090923 2577.6884765625 1687
1742438100532 -67775.59375 1688
1742438110075 -83215.046875 1689
1742438119816 -87673.4296875 1690
1742438129447 -103617.375 1691
1742438139144 -79503.015625 1692
1742438142949 2916.73876953125 1693
1742438152555 -76569.078125 1694
1742438162252 -78842.2734375 1695
1742438171842 -90438.421875 1696
1742438172546 1034.905517578125 1697
1742438182169 -79428.2421875 1698
1742438191766 -89712.0625 1699
1742438201229 -80656.1875 1700
1742438210812 -105478.40625 1701
1742438211374 196.90013122558594 1702
1742438220836 -63050.40625 1703
1742438230278 -61357.6796875 1704
1742438239863 -100414.375 1705
1742438249436 -73289.2890625 1706
1742438252314 7395.4111328125 1707
1742438261916 -72012.9453125 1708
1742438271493 -83496.0625 1709
1742438280991 -68778.078125 1710
1742438290549 -86156.3125 1711
1742438300136 -106592.0625 1712
1742438309680 -76421.109375 1713
1742438319341 -81380.734375 1714
1742438329082 -65732.453125 1715
1742438338844 -70116.609375 1716
1742438339477 195.47171020507812 1717
1742438349074 -88828.453125 1718
1742438358657 -85367.515625 1719
1742438368261 -68001.4375 1720
1742438377920 -79883.3359375 1721
1742438387525 -65155.73828125 1722
1742438397110 -87209.96875 1723
1742438406667 -94238.796875 1724
1742438409923 3564.263671875 1725
1742438419555 -66971.0078125 1726
1742438429092 -67870.5390625 1727
1742438429728 199.8068084716797 1728
1742438439398 -76484.546875 1729
1742438448967 -112477.40625 1730
1742438458584 -66761.65625 1731
1742438463647 -6676.609375 1732
1742438473428 -68555.484375 1733
1742438483087 -92854.5 1734
1742438492711 -85538.5546875 1735
1742438502348 -75723.765625 1736
1742438512321 -76018.578125 1737
1742438522004 -80362.828125 1738
1742438531930 -83967.125 1739
1742438541721 -91369.34375 1740
1742438551552 -82988.484375 1741
1742438561106 -67275.3671875 1742
1742438570711 -77201.84375 1743
1742438580354 -93961.53125 1744
1742438589793 -78438.515625 1745
1742438599337 -108422.65625 1746
1742438608956 -89892.703125 1747
1742438618625 -100027.7421875 1748
1742438628271 -95718.859375 1749
1742438637885 -106414.09375 1750
1742438647524 -74159.25 1751
1742438657135 -69883.0 1752
1742438666707 -93999.375 1753
1742438676354 -78489.71875 1754
1742438685866 -79339.5625 1755
1742438695490 -95443.15625 1756
1742438705120 -45063.078125 1757
1742438714850 -86079.5 1758
1742438724625 -97630.3359375 1759
1742438734433 -88393.21875 1760
1742438744132 -74275.328125 1761
1742438753739 -116007.75 1762
1742438763378 -65182.95703125 1763
1742438773273 -93631.046875 1764
1742438783025 -88495.671875 1765
1742438792627 -85615.140625 1766
1742438802298 -83521.140625 1767
1742438807730 -20433.1796875 1768
1742438817755 -85572.6875 1769
1742438827750 -105974.5078125 1770
1742438837515 -87007.8359375 1771
1742438847092 -73179.953125 1772
1742438847660 193.97496032714844 1773
1742438857306 -112287.2578125 1774
1742438862853 -22922.78125 1775
1742438872725 -89410.015625 1776
1742438882725 -111637.34375 1777
1742438892591 -79662.3984375 1778
1742438902589 -69711.28125 1779
1742438903149 212.8623809814453 1780
1742438912985 -85410.640625 1781
1742438922717 -92572.9375 1782
1742438930238 -40213.9296875 1783
1742438939734 -61439.1953125 1784
1742438949338 -91063.3984375 1785
1742438958953 -82497.828125 1786
1742438968700 -92452.15625 1787
1742438978366 -62696.65234375 1788
1742438987982 -66060.25 1789
1742438997524 -67605.59375 1790
1742439007297 -82768.3828125 1791
1742439007868 196.94467163085938 1792
1742439017613 -98865.125 1793
1742439027390 -64160.34375 1794
1742439037092 -74009.6328125 1795
1742439046728 -64720.4453125 1796
1742439056635 -73342.9375 1797
1742439066378 -88323.5625 1798
1742439076032 -102773.0234375 1799
1742439085728 -76100.171875 1800
1742439095362 -73185.59375 1801
1742439105133 -72370.9609375 1802
1742439114798 -107203.984375 1803
1742439119173 -11521.61328125 1804
1742439128934 -98959.3984375 1805
1742439138672 -84241.0 1806
1742439148590 -96798.84375 1807
1742439158574 -99772.625 1808
1742439168387 -111320.453125 1809
1742439178017 -103097.8515625 1810
1742439187871 -85420.984375 1811
1742439197740 -92229.390625 1812
1742439207681 -69071.7578125 1813
1742439217362 -105246.734375 1814
1742439224961 -60663.22265625 1815
1742439234633 -84277.546875 1816
1742439244374 -102804.28125 1817
1742439254051 -85593.5625 1818
1742439263846 -88646.09375 1819
1742439273537 -83808.7890625 1820
1742439283343 -110116.96875 1821
1742439293042 -100889.171875 1822
1742439302639 -73193.421875 1823
1742439312264 -70242.609375 1824
1742439322040 -95083.1015625 1825
1742439331639 -105898.21875 1826
1742439341236 -74492.84375 1827
1742439350838 -78058.109375 1828
1742439360472 -91851.5390625 1829
1742439370037 -77276.765625 1830
1742439372494 -1188.0078125 1831
1742439382114 -105277.546875 1832
1742439391616 -81365.046875 1833
1742439401119 -88185.296875 1834
1742439410643 -101404.9609375 1835
1742439420392 -91786.3984375 1836
1742439430066 -103028.203125 1837
1742439439608 -105465.046875 1838
1742439449097 -88550.421875 1839
1742439458638 -106693.1875 1840
1742439468260 -80721.640625 1841
1742439477880 -95447.53125 1842
1742439487511 -63119.375 1843
1742439497146 -76747.59375 1844
1742439506698 -100941.6015625 1845
1742439507563 2107.0009765625 1846
1742439517310 -91812.40625 1847
1742439526940 -89238.1796875 1848
1742439536477 -95497.8125 1849
1742439545936 -72742.75 1850
1742439555397 -67158.4375 1851
1742439564977 -97153.328125 1852
1742439574593 -104863.921875 1853
1742439584234 -110260.890625 1854
1742439593707 -66403.140625 1855
1742439597084 4136.71142578125 1856
1742439606675 -78031.6015625 1857
1742439616272 -108069.125 1858
1742439625716 -86340.0625 1859
1742439635348 -93795.4296875 1860
1742439644910 -82655.703125 1861
1742439645474 205.76121520996094 1862
1742439655032 -102279.171875 1863
1742439664695 -91025.875 1864
1742439674713 -57128.69921875 1865
1742439684588 -106379.5390625 1866
1742439694305 -70421.71875 1867
1742439704363 -80637.734375 1868
1742439714078 -102206.9765625 1869
1742439723691 -97092.21875 1870
1742439733142 -77504.40625 1871
1742439743064 -67922.53125 1872
1742439752673 -101675.03125 1873
1742439753231 213.05422973632812 1874
1742439762867 -82263.15625 1875
1742439772543 -70339.390625 1876
1742439782106 -79366.890625 1877
1742439791676 -73022.2578125 1878
1742439801299 -78556.578125 1879
1742439810978 -90831.8125 1880
1742439820634 -111051.4375 1881
1742439830314 -94531.0 1882
1742439840020 -112866.8671875 1883
1742439849664 -81085.828125 1884
1742439850316 202.87652587890625 1885
1742439859723 -85427.921875 1886
1742439869335 -72148.125 1887
1742439878940 -70159.90625 1888
1742439888569 -66336.09375 1889
1742439898116 -85751.1484375 1890
1742439907789 -78664.296875 1891
1742439917298 -111315.125 1892
1742439926886 -84913.0234375 1893
1742439936598 -97486.4609375 1894
1742439937157 223.96221923828125 1895
1742439946812 -120381.625 1896
1742439956449 -64425.35546875 1897
1742439965950 -75689.9765625 1898
1742439975569 -74594.296875 1899
1742439985111 -67427.921875 1900
1742439994889 -109739.421875 1901
1742440004502 -76858.65625 1902
1742440013984 -84154.421875 1903
1742440014544 209.77801513671875 1904
1742440024161 -69736.4296875 1905
1742440033765 -84843.8828125 1906
1742440043408 -89671.21875 1907
1742440053073 -71417.984375 1908
1742440057446 -10601.0625 1909
1742440067204 -64049.2421875 1910
1742440076914 -100468.828125 1911
1742440078949 -578.1030883789062 1912
1742440082272 -5768.3427734375 1913
1742440084822 -3483.56494140625 1914
1742440094546 -95697.53125 1915
1742440104218 -53097.3828125 1916
1742440113914 -66661.2421875 1917
1742440123599 -111644.734375 1918
1742440133191 -89493.34375 1919
1742440133748 210.9358673095703 1920
1742440143336 -78324.09375 1921
1742440152962 -69809.640625 1922
1742440162749 -75938.34375 1923
1742440172484 -97228.921875 1924
1742440182060 -81304.09375 1925
1742440191748 -82854.734375 1926
1742440201329 -96235.59375 1927
1742440210498 -39281.17578125 1928
1742440220235 -76825.015625 1929
1742440229919 -69965.90625 1930
1742440239581 -76583.0625 1931
1742440249291 -74595.9140625 1932
1742440258942 -105506.453125 1933
1742440268650 -72905.4921875 1934
1742440278361 -78447.09375 1935
1742440280383 6653.166015625 1936
1742440290707 -94551.40625 1937
1742440300568 -130447.5625 1938
1742440310298 -72257.59375 1939
1742440320145 -73878.5 1940
1742440327929 -52129.50390625 1941
1742440337640 -75930.015625 1942
1742440347515 -93369.375 1943
1742440357279 -93525.5 1944
1742440367115 -85442.3671875 1945
1742440372316 -19701.20703125 1946
1742440381959 -111575.6875 1947
1742440391515 -70214.296875 1948
1742440401252 -123518.265625 1949
1742440410933 -66580.015625 1950
1742440420661 -93026.109375 1951
1742440430345 -102550.75 1952
1742440440120 -83102.265625 1953
1742440449811 -109230.640625 1954
1742440459682 -92419.359375 1955
1742440469501 -49169.65625 1956
1742440479176 -86671.34375 1957
1742440488923 -65406.9609375 1958
1742440498493 -88677.15625 1959
1742440508169 -87077.8046875 1960
1742440517867 -114595.1015625 1961
1742440527412 -106578.8125 1962
1742440537100 -92837.703125 1963
1742440540304 -4990.42431640625 1964
1742440549980 -101339.59375 1965
1742440559642 -87893.6953125 1966
1742440560279 210.76736450195312 1967
1742440569712 -96811.6171875 1968
1742440579245 -59271.69921875 1969
1742440582553 -5743.72802734375 1970
1742440592285 -75044.546875 1971
1742440601815 -85520.96875 1972
1742440611359 -100939.6171875 1973
1742440620759 -92537.53125 1974
1742440630435 -75092.890625 1975
1742440640161 -88735.265625 1976
1742440649809 -82510.4921875 1977
1742440659486 -81484.09375 1978
1742440669306 -85281.59375 1979
1742440670722 4552.0537109375 1980
1742440680186 -109290.2265625 1981
1742440689805 -63882.80078125 1982
1742440699535 -69474.484375 1983
1742440701286 6312.46875 1984
1742440710879 -84043.8203125 1985
1742440720572 -82683.59375 1986
1742440729998 -75454.71875 1987
1742440739660 -78964.8359375 1988
1742440749144 -94744.5859375 1989
1742440758651 -77183.734375 1990
1742440768211 -80491.921875 1991
1742440777743 -82547.640625 1992
1742440787485 -68440.4375 1993
1742440796999 -73419.6171875 1994
1742440806518 -82351.9453125 1995
1742440816069 -115363.40625 1996
1742440825716 -95001.5546875 1997
1742440835270 -87816.875 1998
1742440845017 -77370.0 1999
1742440854626 -78301.328125 2000
1742440864291 -85130.6875 2001
1742440864930 641.3225708007812 2002
1742440870679 -30475.822265625 2003
1742440872672 5436.62255859375 2004
1742440882299 -89878.046875 2005
1742440882863 213.2025146484375 2006
1742440892471 -101724.6796875 2007
1742440893042 223.8444366455078 2008
1742440902734 -88044.515625 2009
1742440912341 -66829.8203125 2010
1742440921988 -76902.515625 2011
1742440931692 -82352.671875 2012
1742440941301 -86487.0859375 2013
1742440946639 -7846.419921875 2014
1742440956377 -109376.8359375 2015
1742440966041 -96128.625 2016
1742440975802 -86140.59375 2017
1742440985515 -80506.4375 2018
1742440995252 -78363.359375 2019
1742440995891 203.78915405273438 2020
1742441005475 -93870.8359375 2021
1742441010780 -18710.107421875 2022
1742441020481 -92360.546875 2023
1742441030223 -97525.921875 2024
1742441039804 -75191.8125 2025
1742441040373 243.84805297851562 2026
1742441049920 -118809.2109375 2027
1742441059551 -73322.234375 2028
1742441060119 213.0313262939453 2029
1742441064201 -11371.1982421875 2030
1742441073807 -105552.9296875 2031
1742441083501 -79030.2109375 2032
1742441093271 -113643.53125 2033
1742441103251 -98050.078125 2034
1742441112973 -67168.4375 2035
1742441122729 -91505.203125 2036
1742441123300 209.19676208496094 2037
1742441123864 207.8087921142578 2038
1742441133518 -71200.046875 2039
1742441143482 -90215.125 2040
1742441153196 -100851.4609375 2041
1742441162886 -72740.4375 2042
1742441173991 -78715.296875 2043
1742441174553 229.11192321777344 2044
1742441184322 -94023.140625 2045
1742441194163 -107930.8671875 2046
1742441203907 -97799.984375 2047
1742441213560 -90146.703125 2048
1742441223218 -71840.6875 2049
1742441232799 -110916.5859375 2050
1742441242503 -99202.28125 2051
1742441252189 -79484.359375 2052
1742441256773 -13646.3251953125 2053
1742441266493 -78338.8125 2054
1742441276307 -91268.296875 2055
1742441285935 -95082.1953125 2056
1742441295607 -90838.203125 2057
1742441305273 -82760.578125 2058
1742441314862 -99268.1875 2059
1742441324430 -91339.296875 2060
1742441324991 214.4305419921875 2061
1742441334539 -111199.390625 2062
1742441344191 -83090.953125 2063
1742441353999 -100221.0625 2064
1742441363777 -62567.765625 2065
1742441373985 -79281.71875 2066
1742441383666 -104185.2578125 2067
1742441384245 208.7798614501953 2068
1742441393927 -84696.03125 2069
1742441394492 215.69601440429688 2070
1742441402277 -29909.0234375 2071
1742441406762 -13821.3740234375 2072
1742441416388 -63715.3828125 2073
1742441426034 -91315.28125 2074
1742441435633 -89725.9453125 2075
1742441445424 -100402.9375 2076
1742441455160 -88059.84375 2077
1742441464794 -82635.6953125 2078
1742441474276 -91006.90625 2079
1742441474923 220.49984741210938 2080
1742441484615 -71587.546875 2081
1742441494270 -74518.5078125 2082
1742441503812 -112074.046875 2083
1742441513472 -103707.8515625 2084
1742441517980 1605.677490234375 2085
1742441518544 207.2463836669922 2086
1742441528204 -97625.7890625 2087
1742441537793 -68040.5546875 2088
1742441547557 -99376.96875 2089
1742441557336 -74183.3203125 2090
1742441567199 -76548.078125 2091
1742441567779 225.23660278320312 2092
1742441577874 -54107.68359375 2093
1742441587987 -91723.1640625 2094
1742441597854 -82045.8046875 2095
1742441607619 -104499.6171875 2096
1742441617243 -98667.0078125 2097
1742441626971 -119622.1796875 2098
1742441636805 -96515.53125 2099
1742441646557 -73092.390625 2100
1742441656266 -74112.375 2101
1742441666072 -78470.234375 2102
1742441676024 -95207.7890625 2103
1742441676605 228.6036834716797 2104
1742441686562 -96545.1015625 2105
1742441696433 -81214.625 2106
1742441702956 -35080.43359375 2107
1742441712693 -69524.140625 2108
1742441722469 -122729.203125 2109
1742441732182 -85713.671875 2110
1742441741984 -108351.359375 2111
1742441742551 218.1029052734375 2112
1742441752240 -78684.6640625 2113
1742441761905 -68970.328125 2114
1742441771534 -88149.1328125 2115
1742441781246 -81163.3203125 2116
1742441790896 -82431.109375 2117
1742441800448 -90406.015625 2118
1742441810084 -109060.109375 2119
1742441810648 241.54336547851562 2120
1742441820257 -90508.609375 2121
1742441829941 -85552.328125 2122
1742441834052 1869.0106201171875 2123
1742441843613 -121485.4921875 2124
1742441853131 -105969.5625 2125
1742441862639 -86700.6875 2126
1742441872234 -106474.359375 2127
1742441881788 -93099.671875 2128
1742441891330 -73065.515625 2129
1742441900944 -75344.640625 2130
1742441910477 -93587.90625 2131
1742441920023 -114241.5546875 2132
1742441929716 -88208.390625 2133
1742441939270 -78092.4375 2134
1742441947178 -34517.0859375 2135
1742441956795 -94592.640625 2136
1742441966407 -106226.9375 2137
1742441976217 -80110.453125 2138
1742441985798 -70209.6953125 2139
1742441995337 -73852.21875 2140
1742442005032 -68462.703125 2141
1742442014844 -68469.1640625 2142
1742442024420 -86252.78125 2143
1742442034043 -83238.515625 2144
1742442043724 -63642.11328125 2145
1742442053355 -99380.515625 2146
1742442053927 226.94427490234375 2147
1742442063470 -79636.6953125 2148
1742442073093 -84030.84375 2149
1742442082688 -118249.1640625 2150
1742442092175 -92953.7109375 2151
1742442101704 -93449.359375 2152
1742442111467 -86661.59375 2153
1742442120986 -100746.7734375 2154
1742442121841 1601.2265625 2155
1742442131357 -123043.4296875 2156
1742442141356 -99883.265625 2157
1742442149930 -74030.984375 2158
1742442159586 -78309.546875 2159
1742442169167 -87367.859375 2160
1742442178706 -81762.421875 2161
1742442188279 -106390.859375 2162
1742442191368 3304.6103515625 2163
1742442197004 -23889.64453125 2164
1742442204118 -38207.87890625 2165
1742442213748 -67539.0625 2166
1742442223213 -107225.453125 2167
1742442232839 -74407.09375 2168
1742442242364 -99917.921875 2169
1742442251926 -101561.265625 2170
1742442261585 -77875.65625 2171
1742442271132 -83256.375 2172
1742442280694 -76200.15625 2173
1742442290404 -89849.75 2174
1742442300005 -71552.9375 2175
1742442309689 -112070.296875 2176
1742442319370 -102223.34375 2177
1742442328967 -94421.71875 2178
1742442338616 -99763.78125 2179
1742442348234 -86178.7578125 2180
1742442357808 -123792.734375 2181
1742442367558 -80096.8828125 2182
1742442372015 -11679.8291015625 2183
1742442380508 -52045.1171875 2184
1742442381080 219.9648895263672 2185
1742442390719 -76031.2265625 2186
1742442399704 -60746.5703125 2187
1742442401331 -269.08648681640625 2188
1742442411062 -93946.078125 2189
1742442420758 -89448.578125 2190
1742442425881 -2643.78173828125 2191
1742442435708 -74644.71875 2192
1742442442490 -38496.3125 2193
1742442452251 -89757.09375 2194
1742442461832 -79117.6328125 2195
1742442471558 -78998.4375 2196
1742442481270 -128931.1171875 2197
1742442481917 224.87973022460938 2198
1742442491610 -77743.671875 2199
1742442501277 -79336.796875 2200
1742442510964 -78575.296875 2201
1742442520720 -94432.8671875 2202
1742442530496 -123273.203125 2203
1742442540241 -92429.0 2204
1742442546225 -30273.302734375 2205
1742442555192 -41165.09375 2206
1742442565103 -92160.296875 2207
1742442574962 -83906.09375 2208
1742442584777 -96629.7578125 2209
1742442594718 -75256.375 2210
1742442604501 -97665.671875 2211
1742442614171 -81970.8828125 2212
1742442614869 1160.62451171875 2213
1742442624683 -99544.125 2214
1742442634462 -99303.5546875 2215
1742442644202 -70105.5234375 2216
1742442645490 4446.8984375 2217
1742442655291 -118163.6875 2218
1742442665089 -61920.375 2219
1742442674707 -88763.109375 2220
1742442684294 -97072.765625 2221
1742442694177 -117314.71875 2222
1742442703838 -90060.0234375 2223
1742442713553 -99728.140625 2224
1742442723206 -99097.953125 2225
1742442732939 -100730.7578125 2226
1742442742575 -103404.8671875 2227
1742442752328 -80673.65625 2228
1742442761974 -92199.078125 2229
1742442771597 -95141.6953125 2230
1742442781300 -80423.0390625 2231
1742442791007 -96848.359375 2232
1742442801410 -103096.4375 2233
1742442810985 -82368.5546875 2234
1742442820780 -97662.453125 2235
1742442826647 -8307.828125 2236
1742442836324 -100793.09375 2237
1742442845967 -85049.6875 2238
1742442855618 -89366.6484375 2239
1742442865184 -89778.21875 2240
1742442874772 -77346.0703125 2241
1742442884440 -90456.9375 2242
1742442894053 -99397.390625 2243
1742442897679 -10398.1748046875 2244
1742442907339 -90250.609375 2245
1742442916988 -84858.421875 2246
1742442926632 -104245.375 2247
1742442927257 717.8018798828125 2248
1742442936942 -68733.390625 2249
1742442946513 -90164.9375 2250
1742442956127 -87772.84375 2251
1742442956691 222.15914916992188 2252
1742442966392 -84905.09375 2253
1742442975901 -88600.453125 2254
1742442985575 -75000.65625 2255
1742442995173 -87072.890625 2256
1742443004797 -77528.375 2257
1742443014449 -82955.546875 2258
1742443015007 213.99403381347656 2259
1742443015572 215.55975341796875 2260
1742443025278 -76935.5234375 2261
1742443034931 -82353.3671875 2262
1742443044578 -83593.984375 2263
1742443054270 -95985.4609375 2264
1742443063856 -71213.25 2265
1742443073453 -95647.421875 2266
1742443083077 -110649.46875 2267
1742443092770 -80556.796875 2268
1742443093419 231.71429443359375 2269
1742443103026 -80157.140625 2270
1742443112605 -102712.5 2271
1742443122165 -114683.1875 2272
1742443131632 -102334.515625 2273
1742443141134 -71356.8671875 2274
1742443150737 -104844.296875 2275
1742443160385 -77803.125 2276
1742443169868 -113062.75 2277
1742443179345 -95709.0 2278
1742443188890 -81573.28125 2279
1742443198459 -77500.171875 2280
1742443208033 -109567.6484375 2281
1742443217615 -79979.859375 2282
1742443227095 -73800.9375 2283
1742443227667 235.90904235839844 2284
1742443237255 -113243.859375 2285
1742443246940 -81670.71875 2286
1742443256563 -84224.4296875 2287
1742443266144 -118591.375 2288
1742443266709 214.16346740722656 2289
1742443276288 -86755.7578125 2290
1742443276931 218.15994262695312 2291
1742443286595 -98443.3515625 2292
1742443296090 -97483.4453125 2293
1742443305688 -94657.65625 2294
1742443315324 -83889.265625 2295
1742443320024 -11134.3330078125 2296
1742443329720 -84822.96875 2297
1742443339563 -86188.78125 2298
1742443349287 -96537.421875 2299
1742443359021 -79699.09375 2300
1742443368626 -105391.5859375 2301
1742443378276 -72921.2890625 2302
1742443385707 -39181.203125 2303
1742443395370 -72623.3515625 2304
1742443405140 -126168.046875 2305
1742443414805 -73906.015625 2306
1742443424360 -93884.84375 2307
1742443425009 234.75611877441406 2308
1742443434561 -87698.484375 2309
1742443444123 -84673.7578125 2310
1742443453684 -108361.859375 2311
1742443463321 -105687.1484375 2312
1742443472900 -108296.15625 2313
1742443474876 -609.8668212890625 2314
1742443484560 -76961.1875 2315
1742443494257 -73421.0 2316
1742443494832 223.58509826660156 2317
1742443504511 -105282.484375 2318
1742443514094 -97201.1796875 2319
1742443522071 -39735.4765625 2320
1742443531627 -95982.859375 2321
1742443541215 -109376.0625 2322
1742443550700 -94231.109375 2323
1742443560399 -75159.65625 2324
1742443570055 -127655.078125 2325
1742443579767 -80539.625 2326
1742443589348 -86465.65625 2327
1742443599056 -100102.78125 2328
1742443608749 -97092.3125 2329
1742443618318 -109017.34375 2330
1742443628197 -71712.65625 2331
1742443637856 -114793.921875 2332
1742443644249 -9553.40234375 2333
1742443654011 -95076.296875 2334
1742443663683 -48676.921875 2335
1742443673389 -87740.09375 2336
1742443683002 -78164.46875 2337
1742443692655 -76180.8515625 2338
1742443697764 -18858.05078125 2339
1742443707558 -88832.90625 2340
1742443717079 -66985.9375 2341
1742443726916 -73329.0078125 2342
1742443736650 -88542.1015625 2343
1742443746369 -67173.5 2344
1742443747057 961.4382934570312 2345
1742443756865 -71848.1953125 2346
1742443766498 -103439.0625 2347
1742443776190 -104831.953125 2348
1742443785854 -102529.34375 2349
1742443795486 -112059.9140625 2350
1742443805260 -82003.171875 2351
1742443814963 -81632.53125 2352
1742443824687 -74386.3828125 2353
1742443834454 -86555.640625 2354
1742443844241 -82607.265625 2355
1742443854080 -93202.2421875 2356
1742443863959 -117130.71875 2357
1742443866400 -1973.138671875 2358
1742443876139 -89385.0625 2359
1742443885779 -85946.09375 2360
1742443895379 -96138.8359375 2361
1742443905157 -86103.421875 2362
1742443914778 -94658.7890625 2363
1742443924438 -97708.65625 2364
1742443925010 229.72044372558594 2365
1742443934860 -75651.9921875 2366
1742443941974 -35487.3203125 2367
1742443951725 -90344.4375 2368
1742443961500 -91865.21875 2369
1742443971157 -92286.578125 2370
1742443980887 -79973.46875 2371
1742443990677 -102363.578125 2372
1742444000663 -104191.78125 2373
1742444001231 237.02908325195312 2374
1742444010849 -92748.7421875 2375
1742444020529 -78378.71875 2376
1742444030173 -78764.328125 2377
1742444039944 -82683.9375 2378
1742444049561 -81755.4609375 2379
1742444059237 -88687.140625 2380
1742444069045 -94060.640625 2381
1742444078753 -108690.7109375 2382
1742444088477 -75505.6171875 2383
1742444092744 -13354.5703125 2384
1742444102442 -76967.75 2385
1742444109728 -42696.9375 2386
1742444119377 -99941.0625 2387
1742444129035 -81179.1015625 2388
1742444129683 226.53868103027344 2389
1742444139283 -93839.703125 2390
1742444139838 231.82411193847656 2391
1742444149491 -99402.8828125 2392
1742444150058 231.16033935546875 2393
1742444150679 697.8823852539062 2394
1742444160205 -100252.78125 2395
1742444169734 -76618.2109375 2396
1742444170307 221.49407958984375 2397
1742444179845 -81616.0078125 2398
1742444189260 -127411.6875 2399
1742444198838 -88564.890625 2400
1742444208489 -74606.2265625 2401
1742444218135 -111482.3515625 2402
1742444227772 -94426.171875 2403
1742444234119 -39025.75 2404
1742444243805 -86447.3828125 2405
1742444253480 -87320.8671875 2406
1742444263056 -84054.65625 2407
1742444272607 -73406.03125 2408
1742444282146 -91656.4921875 2409
1742444291754 -102129.0625 2410
1742444301361 -79310.265625 2411
1742444310850 -77073.890625 2412
1742444312107 4932.52392578125 2413
1742444321657 -103054.03125 2414
1742444331243 -84311.2734375 2415
1742444340710 -106263.796875 2416
1742444350266 -94822.3125 2417
1742444350829 223.44166564941406 2418
1742444360431 -78614.90625 2419
1742444370037 -70847.203125 2420
1742444379661 -79416.265625 2421
1742444389248 -74808.84375 2422
1742444398774 -117169.0859375 2423
1742444408244 -109815.453125 2424
1742444417868 -71778.75 2425
1742444427534 -71862.28125 2426
1742444437236 -70194.34375 2427
1742444437806 223.60708618164062 2428
1742444447435 -89127.4921875 2429
1742444457050 -99043.1875 2430
1742444466456 -44083.76953125 2431
1742444476166 -68838.859375 2432
1742444476808 240.7684783935547 2433
1742444486500 -82020.4375 2434
1742444496661 -69988.6875 2435
1742444506313 -117514.125 2436
1742444512352 -27458.736328125 2437
1742444521320 -63697.546875 2438
1742444531034 -113956.3125 2439
1742444531599 242.95901489257812 2440
1742444541236 -111432.5625 2441
1742444546462 -25860.05078125 2442
1742444556145 -86379.015625 2443
1742444565768 -98374.0625 2444
1742444569469 -9431.634765625 2445
1742444573481 -10689.16796875 2446
1742444583173 -107286.796875 2447
1742444592895 -84299.1640625 2448
1742444602609 -94627.9296875 2449
1742444612206 -72820.109375 2450
1742444621908 -121207.265625 2451
1742444631671 -97874.0546875 2452
1742444632244 237.5341796875 2453
1742444641992 -98030.21875 2454
1742444648235 -12430.693359375 2455
1742444657893 -122296.2734375 2456
1742444667535 -106217.84375 2457
1742444677189 -98625.234375 2458
1742444686797 -102807.9765625 2459
1742444696443 -74061.9765625 2460
1742444698665 7166.9658203125 2461
1742444708224 -105698.15625 2462
1742444717916 -77848.859375 2463
1742444727419 -79452.65625 2464
1742444737183 -106560.6171875 2465
1742444746781 -93569.234375 2466
1742444756435 -80053.6015625 2467
1742444763443 -53570.55859375 2468
1742444773201 -101348.90625 2469
1742444782875 -91677.828125 2470
1742444792512 -82871.8515625 2471
1742444802022 -75819.5234375 2472
1742444809092 -26158.353515625 2473
1742444818877 -90769.28125 2474
1742444828599 -70601.5625 2475
1742444838337 -84642.28125 2476
1742444847908 -104440.5625 2477
1742444857634 -119752.7734375 2478
1742444867476 -94291.03125 2479
1742444877284 -91252.7265625 2480
1742444887087 -94131.5625 2481
1742444896808 -74664.65625 2482
1742444906610 -98448.6015625 2483
1742444916355 -80004.15625 2484
1742444926041 -78305.3671875 2485
1742444935816 -72770.09375 2486
1742444945689 -95021.203125 2487
1742444955481 -109760.734375 2488
1742444965218 -74588.34375 2489
1742444974761 -99695.875 2490
1742444984346 -105420.078125 2491
1742444994232 -94254.390625 2492
1742445003892 -73509.0 2493
1742445013627 -90323.3046875 2494
1742445021743 -30650.2890625 2495
1742445031502 -80649.3125 2496
1742445041348 -103454.171875 2497
1742445041914 228.8657989501953 2498
1742445051622 -96555.203125 2499
1742445061335 -105006.3671875 2500
1742445070959 -90340.671875 2501
1742445079561 -60420.42578125 2502
1742445086780 -50172.1640625 2503
1742445096719 -92997.015625 2504
1742445106428 -83864.265625 2505
1742445116190 -110210.625 2506
1742445125895 -85717.859375 2507
1742445135563 -89844.4453125 2508
1742445145187 -90905.0625 2509
1742445154847 -92741.671875 2510
1742445164688 -88026.8515625 2511
1742445174400 -99016.765625 2512
1742445184189 -94130.53125 2513
1742445193970 -86454.9140625 2514
1742445203688 -118676.6953125 2515
1742445213352 -82548.375 2516
1742445223103 -94383.5546875 2517
1742445232895 -80620.484375 2518
1742445242727 -110609.546875 2519
1742445246088 -6477.63427734375 2520
1742445255895 -106739.140625 2521
1742445256466 234.1885986328125 2522
1742445266326 -110454.171875 2523
1742445276088 -89344.765625 2524
1742445280995 -20071.78125 2525
1742445290808 -97902.234375 2526
1742445300560 -79029.40625 2527
1742445301120 221.6001739501953 2528
1742445309122 -23121.35546875 2529
1742445318892 -87632.90625 2530
1742445319458 234.8736572265625 2531
1742445321709 7959.2705078125 2532
1742445325080 -9630.287109375 2533
1742445334690 -84001.2578125 2534
1742445344300 -81652.5625 2535
1742445353990 -92475.6171875 2536
1742445363578 -117971.078125 2537
1742445370895 -35554.44921875 2538
1742445380460 -94879.40625 2539
1742445381111 245.2083740234375 2540
1742445390728 -104125.171875 2541
1742445400264 -86741.671875 2542
1742445409750 -80025.8125 2543
1742445419267 -68912.796875 2544
1742445428751 -110598.75 2545
1742445438295 -109442.40625 2546
1742445447907 -90838.625 2547
1742445457527 -83564.8671875 2548
1742445467140 -118483.328125 2549
1742445476652 -103419.2734375 2550
1742445486371 -114035.0703125 2551
1742445496015 -86087.484375 2552
1742445505614 -86447.4375 2553
1742445515224 -106115.4375 2554
1742445524873 -98681.8515625 2555
1742445534597 -78124.796875 2556
1742445537800 -5903.4501953125 2557
1742445547321 -128042.4375 2558
1742445547903 235.18174743652344 2559
1742445554243 -12012.3427734375 2560
1742445563785 -102786.4453125 2561
1742445573399 -98599.671875 2562
1742445583040 -98255.8671875 2563
1742445592683 -74419.265625 2564
1742445602249 -100782.203125 2565
1742445611879 -88915.4453125 2566
1742445612528 220.38143920898438 2567
1742445622379 -93828.8515625 2568
1742445625080 -4255.189453125 2569
1742445634716 -107172.1640625 2570
1742445640189 -8475.828125 2571
1742445650049 -93517.109375 2572
1742445659755 -81198.6796875 2573
1742445669294 -97412.0 2574
1742445678854 -76310.34375 2575
1742445688413 -96273.109375 2576
1742445698309 -98499.71875 2577
1742445707976 -94690.5 2578
1742445717652 -93885.21875 2579
1742445727190 -107384.203125 2580
1742445730365 5773.400390625 2581
1742445740184 -70953.671875 2582
1742445746968 -13550.3974609375 2583
1742445747614 225.44239807128906 2584
1742445757316 -99519.921875 2585
1742445766953 -100539.859375 2586
1742445776429 -114878.8515625 2587
1742445786042 -80182.15625 2588
1742445795746 -95791.6640625 2589
1742445805307 -117968.796875 2590
1742445814868 -85108.296875 2591
1742445824508 -87755.59375 2592
1742445831623 -39004.0234375 2593
1742445832197 233.68292236328125 2594
1742445841894 -121814.125 2595
1742445851514 -115832.53125 2596
1742445857588 -41710.00390625 2597
1742445867308 -93652.3671875 2598
1742445870586 7266.43017578125 2599
1742445874417 -13631.166015625 2600
1742445884109 -80455.359375 2601
1742445893834 -68806.65625 2602
1742445903423 -87478.3359375 2603
1742445913074 -98156.1328125 2604
1742445922798 -69909.2578125 2605
1742445932491 -75759.53125 2606
1742445942291 -122111.3203125 2607
1742445948091 -22983.42578125 2608
1742445957719 -86980.78125 2609
1742445960705 -6972.08984375 2610
1742445970355 -103613.453125 2611
1742445979887 -73160.4921875 2612
1742445989519 -129571.984375 2613
1742445999132 -110665.078125 2614
1742446008709 -101325.6328125 2615
1742446018342 -92896.9296875 2616
1742446028106 -113401.171875 2617
1742446037752 -77790.703125 2618
1742446047349 -102398.375 2619
1742446056914 -112319.203125 2620
1742446066594 -146266.265625 2621
1742446076258 -96315.53125 2622
1742446080822 -1597.876953125 2623
1742446090563 -115140.6015625 2624
1742446100266 -70447.4921875 2625
1742446100832 240.27273559570312 2626
1742446110673 -87899.0546875 2627
1742446112206 5277.40625 2628
1742446121983 -76613.34375 2629
1742446131588 -81230.90625 2630
1742446141229 -85736.015625 2631
1742446150964 -75242.46875 2632
1742446160765 -90676.0625 2633
1742446170606 -76393.4765625 2634
1742446180229 -87238.2421875 2635
1742446189843 -108049.59375 2636
1742446199500 -98491.3828125 2637
1742446200147 222.86363220214844 2638
1742446209719 -130009.90625 2639
1742446219190 -87413.046875 2640
1742446228890 -76691.4375 2641
1742446238622 -79647.453125 2642
1742446248332 -91908.2265625 2643
1742446258107 -82639.6640625 2644
1742446258691 238.16036987304688 2645
1742446265788 -29919.25390625 2646
1742446275536 -102945.328125 2647
1742446285324 -86472.0390625 2648
1742446295105 -69549.4140625 2649
1742446295680 223.63108825683594 2650
1742446305350 -91994.3359375 2651
1742446315040 -83590.59375 2652
1742446324676 -91798.5625 2653
1742446334434 -95023.296875 2654
1742446344266 -98156.1953125 2655
1742446344852 224.77114868164062 2656
1742446354550 -110532.71875 2657
1742446364274 -90882.953125 2658
1742446374018 -107350.921875 2659
1742446383859 -92666.765625 2660
1742446393668 -99472.984375 2661
1742446394244 237.9725799560547 2662
1742446403923 -115595.7890625 2663
1742446413652 -126106.609375 2664
1742446414231 223.62245178222656 2665
1742446424074 -115041.0 2666
1742446433691 -97200.5859375 2667
1742446443482 -89483.359375 2668
1742446453162 -104559.2421875 2669
1742446462885 -113087.859375 2670
1742446471246 -53085.625 2671
1742446480994 -132417.8125 2672
1742446490555 -110057.5703125 2673
1742446500329 -85909.015625 2674
1742446510020 -70978.5859375 2675
1742446516969 -21679.80859375 2676
1742446526627 -89088.296875 2677
1742446536279 -115268.875 2678
1742446545786 -93401.578125 2679
1742446552109 -13402.6640625 2680
1742446561641 -79669.2421875 2681
1742446571321 -129442.78125 2682
1742446580911 -67586.265625 2683
1742446590511 -104552.0625 2684
1742446591066 227.42724609375 2685
1742446598937 -28929.02734375 2686
1742446599503 226.62435913085938 2687
1742446609125 -116079.265625 2688
1742446618687 -79398.7421875 2689
1742446628273 -113461.859375 2690
1742446637873 -112370.8828125 2691
1742446647637 -78296.953125 2692
1742446657389 -81349.546875 2693
1742446667084 -113128.484375 2694
1742446676803 -98611.484375 2695
1742446686499 -87634.421875 2696
1742446696119 -93785.203125 2697
1742446705974 -124961.078125 2698
1742446715710 -107438.703125 2699
1742446725288 -85787.21875 2700
1742446734879 -83530.5859375 2701
1742446744757 -126637.90625 2702
1742446754345 -85758.9921875 2703
1742446763955 -94553.5390625 2704
1742446773501 -95848.5390625 2705
1742446782989 -77983.34375 2706
1742446792481 -117600.375 2707
1742446798313 -14416.091796875 2708
1742446807940 -125797.328125 2709
1742446817505 -91970.890625 2710
1742446827067 -96260.53125 2711
1742446836715 -102753.84375 2712
1742446846307 -114517.109375 2713
1742446846880 245.7569580078125 2714
1742446854475 -40422.484375 2715
1742446864132 -116602.390625 2716
1742446864717 229.2789306640625 2717
1742446874339 -92740.875 2718
1742446883947 -88199.78125 2719
1742446893479 -112367.1328125 2720
1742446903289 -101272.953125 2721
1742446912249 -34156.09375 2722
1742446921865 -85922.84375 2723
1742446931465 -118578.03125 2724
1742446932112 226.24851989746094 2725
1742446941837 -88759.0 2726
1742446951483 -101891.859375 2727
1742446961193 -105427.078125 2728
1742446970962 -106761.0625 2729
1742446980518 -78454.0859375 2730
1742446990251 -62238.1953125 2731
1742446999978 -99383.359375 2732
1742447002574 -1828.1331787109375 2733
1742447012263 -87967.6328125 2734
1742447021789 -80852.09375 2735
1742447031382 -102305.5 2736
1742447040942 -97148.734375 2737
1742447050587 -106580.78125 2738
1742447060109 -104935.640625 2739
1742447069708 -114193.3359375 2740
1742447072852 -8076.0654296875 2741
1742447082542 -119265.75 2742
1742447092209 -75429.40625 2743
1742447101749 -77384.234375 2744
1742447111374 -113079.28125 2745
1742447111937 233.0780029296875 2746
1742447121602 -104059.8125 2747
1742447131188 -82758.796875 2748
1742447140857 -93999.4375 2749
1742447150376 -75445.1171875 2750
1742447159955 -116733.21875 2751
1742447169675 -100088.65625 2752
1742447177019 -49730.890625 2753
1742447186633 -95882.0625 2754
1742447196262 -85500.2265625 2755
1742447206089 -123109.015625 2756
1742447215595 -87752.484375 2757
1742447225440 -117726.53125 2758
1742447234875 -88353.546875 2759
1742447244556 -81998.953125 2760
1742447254008 -105277.484375 2761
1742447263696 -86135.109375 2762
1742447264339 234.40066528320312 2763
1742447274002 -103535.921875 2764
1742447283664 -111644.4375 2765
1742447293452 -102997.078125 2766
1742447303257 -88312.3359375 2767
1742447313008 -105797.828125 2768
1742447322681 -58299.66796875 2769
1742447332391 -99713.671875 2770
1742447332972 252.78521728515625 2771
1742447342611 -80936.703125 2772
1742447352138 -137059.90625 2773
1742447361811 -101066.453125 2774
1742447362391 235.35992431640625 2775
1742447372005 -89132.8125 2776
1742447381648 -107896.1640625 2777
1742447391304 -69572.71875 2778
1742447401004 -132692.796875 2779
1742447410593 -103783.0546875 2780
1742447420162 -98261.171875 2781
1742447429810 -108687.3515625 2782
1742447439523 -100519.46875 2783
1742447449337 -99158.2578125 2784
1742447458981 -106631.6484375 2785
1742447468734 -74781.8515625 2786
1742447478372 -88571.0 2787
1742447488194 -95775.40625 2788
1742447497814 -73195.421875 2789
1742447507497 -52603.90234375 2790
1742447517091 -119550.1640625 2791
1742447526909 -72451.3828125 2792
1742447536595 -116033.6875 2793
1742447546262 -92376.0859375 2794
1742447556051 -81256.9609375 2795
1742447565807 -85895.7109375 2796
1742447575442 -116812.125 2797
1742447585102 -90289.203125 2798
1742447594664 -95794.125 2799
1742447604310 -100194.296875 2800
1742447613975 -110807.21875 2801
1742447623775 -97703.5390625 2802
1742447633370 -88637.921875 2803
1742447643153 -87668.546875 2804
1742447652951 -102505.390625 2805
1742447662834 -108373.40625 2806
1742447672749 -120205.65625 2807
1742447676029 -7685.9443359375 2808
1742447685707 -102859.703125 2809
1742447695369 -97793.0859375 2810
1742447705103 -126495.515625 2811
1742447714858 -81815.3515625 2812
1742447724522 -82983.4453125 2813
1742447734173 -103025.5390625 2814
1742447743884 -78522.9140625 2815
1742447753520 -112127.21875 2816
1742447763314 -82329.546875 2817
1742447773078 -112472.296875 2818
1742447782784 -122870.4375 2819
1742447792515 -114883.375 2820
1742447802115 -82864.296875 2821
1742447811894 -114916.15625 2822
1742447821540 -114255.09375 2823
1742447831269 -108709.984375 2824
1742447840985 -104031.671875 2825
1742447846143 -23773.8359375 2826
1742447855944 -93351.484375 2827
1742447856591 243.59506225585938 2828
1742447866385 -79762.859375 2829
1742447876140 -107210.3828125 2830
1742447885790 -69184.5 2831
1742447895477 -123998.5703125 2832
1742447905281 -106336.390625 2833
1742447906068 1821.5889892578125 2834
1742447912355 -5988.830078125 2835
1742447922220 -107646.875 2836
1742447932004 -117687.7734375 2837
1742447941844 -91508.2265625 2838
1742447951739 -109202.2109375 2839
1742447961442 -80077.5625 2840
1742447971289 -109825.3046875 2841
1742447980922 -96700.2734375 2842
1742447990491 -91301.5625 2843
1742447991050 239.32554626464844 2844
1742448000790 -98037.0625 2845
1742448010399 -98332.640625 2846
1742448020068 -97390.9296875 2847
1742448022183 6925.58203125 2848
1742448032043 -85062.3359375 2849
1742448041641 -82200.484375 2850
1742448051121 -123314.8515625 2851
1742448060796 -108527.625 2852
1742448070675 -115262.296875 2853
1742448080170 -67576.0 2854
1742448089695 -96869.515625 2855
1742448092115 8121.64013671875 2856
1742448092757 731.58251953125 2857
1742448102429 -99436.71875 2858
1742448104514 7197.24365234375 2859
1742448114121 -81218.6171875 2860
1742448123580 -63526.3671875 2861
1742448133233 -89396.734375 2862
1742448143128 -88293.25 2863
1742448152798 -107643.484375 2864
1742448162638 -129695.6640625 2865
