1742147854737 -19.52130126953125 1
1742147860170 -56.34404754638672 3
1742147862898 -6.772599697113037 4
1742147865474 -55.09424591064453 5
1742147868041 2.182851791381836 6
1742147870836 -57.49252700805664 7
1742147873784 -42.55287551879883 8
1742147878949 -47.934383392333984 10
1742147881666 -62.89870071411133 11
1742147884285 -58.26951217651367 12
1742147886920 -44.67321014404297 13
1742147889713 -59.432403564453125 14
1742147892674 -43.48470687866211 15
1742147897895 -66.33061981201172 17
1742147900549 -68.1225814819336 18
1742147903339 -58.55245590209961 19
1742147908462 -61.6823844909668 21
1742147911100 -39.94007110595703 22
1742147913905 -59.12241744995117 23
1742147916496 -66.94172668457031 24
1742147919201 -21.166168212890625 25
1742147921867 -64.76681518554688 26
1742147924570 -61.388458251953125 27
1742147927274 -28.522212982177734 28
1742147929901 -72.64189147949219 29
1742147932672 -62.166259765625 30
1742147937776 -54.601200103759766 32
1742147940385 -48.14906311035156 33
1742147943260 -46.85490036010742 34
1742147948417 -61.32508850097656 36
1742147951113 -49.074066162109375 37
1742147953830 -60.28074645996094 38
1742147959005 -53.992210388183594 40
1742147961975 -43.290489196777344 41
1742147964578 9.87548828125 42
1742147967194 -70.79106903076172 43
1742147969801 -47.42779541015625 44
1742147972596 -62.92842483520508 45
1742147975174 -0.6553354263305664 46
1742147977833 -60.47480010986328 47
1742147980446 -65.9608154296875 48
1742147983157 -52.224281311035156 49
1742147985804 -43.37144088745117 50
1742147988561 -30.982688903808594 51
1742147991216 -62.48337173461914 52
1742147993821 -56.276710510253906 53
1742147996434 -56.803958892822266 54
1742147999135 -51.382774353027344 55
1742148001785 -55.302703857421875 56
1742148004473 -31.36200714111328 57
1742148007234 -25.929637908935547 58
1742148009848 -53.563297271728516 59
1742148012554 -59.26609802246094 60
1742148015229 -48.799983978271484 61
1742148017913 -45.45273208618164 62
1742148020792 -36.216976165771484 63
1742148023423 -63.49900436401367 64
1742148025964 -59.58892059326172 65
1742148028606 -57.215789794921875 66
1742148031480 -31.041330337524414 67
1742148034097 -58.23483657836914 68
1742148036717 -55.3720817565918 69
1742148039299 -55.277687072753906 70
1742148042196 -56.690914154052734 71
1742148047326 -40.667236328125 73
1742148050137 -42.71813425164647 74
1742148052825 -64.11390686035156 75
1742148055892 -15.782931327819824 76
1742148061165 -57.14495849609375 78
1742148063799 -61.07073974609375 79
1742148066539 -60.517845153808594 80
1742148069165 -39.58456039428711 81
1742148071983 -59.072357177734375 82
1742148074775 -35.37808609008789 83
1742148080030 -62.692970275878906 85
1742148082719 -64.54796600341797 86
1742148085437 -53.56360626220703 87
1742148090587 -67.17308807373047 89
1742148093313 -55.791229248046875 90
1742148096046 -60.151039123535156 91
1742148101229 -58.91085433959961 93
1742148103974 -50.759490966796875 94
1742148106671 -61.46196365356445 95
1742148109291 -77.6745834350586 96
1742148111937 -79.17652130126953 97
1742148114837 -39.717674255371094 98
1742148119961 -51.157997131347656 100
1742148122553 -56.70098876953125 101
1742148125333 -60.70927429199219 102
1742148130356 -50.02043914794922 104
1742148133010 -54.08344650268555 105
1742148135623 -42.167510986328125 106
1742148140617 -63.83376693725586 108
1742148143325 -57.84807586669922 109
1742148145821 -68.9615478515625 110
1742148150782 -70.10691833496094 112
1742148153375 -52.30061721801758 113
1742148160719 -60.679351806640625 116
1742148163312 -59.704368591308594 117
1742148170701 -65.29711151123047 120
1742148173229 -49.292110443115234 121
1742148178026 -61.539066314697266 123
1742148180563 -66.7214584350586 124
1742148187895 -50.27299499511719 127
1742148190545 -61.81193161010742 128
1742148197892 -62.85405349731445 131
1742148200442 -52.797142028808594 132
1742148205234 -63.18756866455078 134
1742148207844 -64.93473052978516 135
1742148210354 -60.897369384765625 136
1742148215150 -53.349815368652344 138
1742148217633 -65.42581939697266 139
1742148220110 -62.031620025634766 140
1742148225053 -62.18626022338867 142
1742148227511 -61.243186950683594 143
1742148234809 -57.30230712890625 146
1742148237290 -60.148948669433594 147
1742148241984 -57.81491470336914 149
1742148244697 -37.47939682006836 150
1742148247262 -55.59362030029297 151
1742148252149 -61.9166374206543 153
1742148254871 -15.358322143554688 154
1742148257362 -74.4021987915039 155
1742148262413 -38.6735725402832 157
1742148265024 -57.260528564453125 158
1742148272392 -66.3642349243164 161
1742148274962 -65.84288787841797 162
1742148279753 -74.2272720336914 164
1742148282317 -78.70906066894531 165
1742148284889 -72.94658660888672 166
1742148289826 -58.048614501953125 168
1742148292287 -71.15283203125 169
1742148294814 -55.28671646118164 170
1742148299764 -65.23226928710938 172
1742148302265 -53.3330192565918 173
1742148304711 -51.982139587402344 174
1742148309760 -62.3799934387207 176
1742148312219 -61.03180694580078 177
1742148317124 -65.0422592163086 179
1742148319594 -64.43396759033203 180
1742148322122 -53.11244583129883 181
1742148326995 -57.74016189575195 183
1742148329431 -64.2510986328125 184
1742148332003 -56.41733169555664 185
1742148337026 -57.48581314086914 187
1742148339483 -58.01594161987305 188
1742148341937 -60.56306457519531 189
1742148344388 -48.178749084472656 190
1742148346880 -55.997920989990234 191
1742148349342 -55.87715530395508 192
1742148351795 -58.87758255004883 193
1742148354350 -66.37887573242188 194
1742148356841 -69.39855194091797 195
1742148359294 -72.29724884033203 196
1742148361780 -61.96498489379883 197
1742148364385 -65.81562805175781 198
1742148366903 -70.62625885009766 199
1742148369344 -42.39326095581055 200
1742148371843 -52.96260452270508 201
1742148374379 -57.10327911376953 202
1742148376910 -68.80023193359375 203
1742148379306 -53.02104949951172 204
1742148381876 -70.14247131347656 205
1742148384288 -58.126670837402344 206
1742148386804 -33.46995162963867 207
1742148389237 -53.212547302246094 208
1742148391736 -71.73422241210938 209
1742148394180 -52.60429000854492 210
1742148396620 -48.033782958984375 211
1742148399026 -60.94017028808594 212
1742148401537 -59.45810317993164 213
1742148403951 -57.251556396484375 214
1742148408916 -59.94939041137695 216
1742148411449 -60.61597442626953 217
1742148413920 -53.484413146972656 218
1742148416271 -51.23625183105469 219
1742148418904 -64.0960693359375 220
1742148421371 -53.78691482543945 221
1742148423791 -62.07994842529297 222
1742148426202 -72.96508026123047 223
1742148428758 -59.87934494018555 224
1742148431148 -57.630672454833984 225
1742148433567 -56.37709426879883 226
1742148436022 -54.806053161621094 227
1742148438549 -50.03113555908203 228
1742148441026 -60.934303283691406 229
1742148445983 -61.16259002685547 231
1742148448558 -57.14568328857422 232
1742148451034 -53.28845977783203 233
1742148456044 -57.5942268371582 235
1742148458536 -65.34398651123047 236
1742148461027 -47.09523010253906 237
1742148466093 -47.36670801188402 239
1742148468555 -62.915287017822266 240
1742148471006 -49.55809783935547 241
1742148473484 -43.62451171875 242
1742148476065 -60.17939376831055 243
1742148478528 -61.785614013671875 244
1742148483267 -68.55842590332031 246
1742148485885 -54.64995193481445 247
1742148488328 -59.31525421142578 248
1742148493246 -68.16791534423828 250
1742148495882 -38.41911315917969 251
1742148500818 -56.157161712646484 253
1742148503389 -66.81905364990234 254
1742148505897 -58.95964050292969 255
1742148510861 -27.458372116088867 257
1742148513384 -48.59520721435547 258
1742148515917 -66.13092041015625 259
1742148520758 -62.365631103515625 261
1742148523373 -55.525352478027344 262
1742148525815 -56.888065338134766 263
1742148530767 -65.6188735961914 265
1742148533194 -58.97849655151367 266
1742148535620 -63.77470779418945 267
1742148538016 -51.36982345581055 268
1742148540530 -55.54492950439453 269
1742148542960 -51.859989166259766 270
1742148545404 -88.796142578125 271
1742148547850 -67.4941177368164 272
1742148550442 -52.993892669677734 273
1742148553016 -63.97071075439453 274
1742148557918 -41.912841796875 276
1742148560591 -53.62942123413086 277
1742148563073 -57.040184020996094 278
1742148568146 -51.914058685302734 280
1742148570654 -57.921409606933594 281
1742148573118 -62.52433776855469 282
1742148575537 -51.94921112060547 283
1742148578114 -60.05632400512695 284
1742148583000 -53.75001525878906 286
1742148585478 -67.65335083007812 287
1742148588071 -56.24908447265625 288
1742148590524 -53.92403793334961 289
1742148595486 -61.55983352661133 291
1742148598082 -60.9887580871582 292
1742148600523 -24.7009220123291 293
1742148602991 -72.28260803222656 294
1742148605731 -39.53827667236328 295
1742148608200 -62.763065338134766 296
1742148610650 -68.19223022460938 297
1742148613121 -45.33706283569336 298
1742148615714 -57.69148635864258 299
1742148620663 -74.00064086914062 301
1742148623150 -66.87152540312347 302
1742148625839 -38.55630111694336 303
1742148630584 -80.73507690429688 305
1742148633100 -62.167320251464844 306
1742148635627 -53.34743927363121 307
1742148640485 -52.16078567504883 309
1742148643111 -43.057220458984375 310
1742148645660 -72.11854553222656 311
1742148648131 -55.6807975769043 312
1742148650548 -62.489070892333984 313
1742148653133 -55.671356201171875 314
1742148655584 -62.12495422363281 315
1742148658039 -59.513309478759766 316
1742148660604 -33.7159423828125 317
1742148663214 -54.064186096191406 318
1742148668099 -67.33443450927734 320
1742148670678 -59.68437576293945 321
1742148673232 -55.0010986328125 322
1742148675667 -52.19610595703125 323
1742148680569 -56.04927444458008 325
1742148683066 -68.30985260009766 326
1742148685501 -69.62467193603516 327
1742148690423 -67.32420349121094 329
1742148692920 -49.99431610107422 330
1742148695357 -56.477195739746094 331
1742148697918 -66.16070556640625 332
1742148700426 -64.00140380859375 333
1742148702973 -54.7650146484375 334
1742148707898 -70.04815673828125 336
1742148710454 -49.33620834350586 337
1742148712921 -57.771392822265625 338
1742148717835 -58.62889099121094 340
1742148720416 -63.03858947753906 341
1742148722846 -70.18495178222656 342
1742148725297 -51.10972595214844 343
1742148727718 -64.19700622558594 344
1742148730261 -71.13392639160156 345
1742148732698 -71.73372650146484 346
1742148735185 -50.90007400512695 347
1742148737704 -72.11622619628906 348
1742148740316 -58.04890060424805 349
1742148745226 -54.58202362060547 351
1742148747828 -63.456695556640625 352
1742148750253 -72.62904357910156 353
1742148752640 -68.78138732910156 354
1742148755106 -70.27704620361328 355
1742148757615 -59.18357467651367 356
1742148760065 -50.254642486572266 357
1742148762519 -54.53861618041992 358
1742148764957 -51.289127349853516 359
1742148767548 -67.16351318359375 360
1742148772493 -65.34942626953125 362
1742148777498 -60.51702880859375 364
1742148779842 -58.583805084228516 365
1742148782386 -64.1761703491211 366
1742148784842 -52.23279571533203 367
1742148787406 -63.14796447753906 368
1742148789871 -48.401920318603516 369
1742148792336 -67.34925842285156 370
1742148794858 -69.51344299316406 371
1742148797433 -56.128868103027344 372
1742148800034 -63.13581085205078 373
1742148805269 -61.34730911254883 375
1742148807772 -29.54438591003418 376
1742148810381 -28.817625045776367 377
1742148815483 -41.45155334472656 379
1742148817991 -67.05157470703125 380
1742148820449 -51.896034240722656 381
1742148822827 -63.08543395996094 382
1742148825485 -65.35569763183594 383
1742148827950 -51.094017028808594 384
1742148830446 -61.7116813659668 385
1742148832906 -56.21335983276367 386
1742148835542 -75.97310638427734 387
1742148837976 -52.38186264038086 388
1742148842928 -61.93878173828125 390
1742148845513 -54.06834411621094 391
1742148848045 -49.965538024902344 392
1742148853055 -53.941932678222656 394
1742148855662 -50.807960510253906 395
1742148858111 -70.90969848632812 396
1742148863072 -62.88983154296875 398
1742148865637 -44.828189849853516 399
1742148868115 -54.4092903137207 400
1742148870499 -72.89096069335938 401
1742148873299 -45.42935562133789 402
1742148875728 -55.89672088623047 403
1742148880520 -75.30542755126953 405
1742148883159 -56.572147369384766 406
1742148885634 -50.67060470581055 407
1742148890504 -58.6439208984375 409
1742148893120 -57.730873107910156 410
1742148895556 -75.83838653564453 411
1742148900603 -57.56968688964844 413
1742148903159 -46.905860900878906 414
1742148907912 -53.5395622253418 416
1742148910666 -61.76411437988281 417
1742148913145 -50.518245697021484 418
1742148917977 -62.24098205566406 420
1742148920648 -72.6589584350586 421
1742148923089 -78.9263916015625 422
1742148928037 -36.89158630371094 424
1742148930670 -63.07225036621094 425
1742148938051 -56.781455993652344 428
1742148940512 -58.69241714477539 429
1742148947923 -67.70933532714844 432
1742148950363 -76.74008178710938 433
1742148957972 -46.976531982421875 436
1742148965191 -73.8351821899414 439
1742148967934 -58.00985336303711 440
1742148975225 -58.339569091796875 443
1742148977724 -51.773311614990234 444
1742148985183 -46.50284957885742 447
1742148992335 -79.16731262207031 450
1742148995107 -60.76564025878906 451
1742149002330 -26.89462661743164 454
1742149005108 -62.81315612792969 455
1742149012434 -56.08687973022461 458
1742149015145 -69.00641632080078 459
1742149023048 -58.08024215698242 462
1742149033168 -58.456321716308594 466
1742149043137 -63.25569534301758 470
1742149050641 -57.4387092590332 473
1742149053522 9.876967430114746 474
1742149061376 -65.7052230834961 477
1742149068873 -41.066505432128906 480
1742149071770 -63.18672721493275 481
1742149079138 -50.74863815307617 484
1742149081854 -66.23418426513672 485
1742149089138 -53.30601119995117 488
1742149091792 -61.3253059387207 489
1742149099131 -59.4998893737793 492
1742149109074 -64.00796508789062 496
1742149116461 -57.58575439453125 499
1742149119165 -64.5709457397461 500
1742149126772 -64.43299102783203 503
1742149129300 -64.4913101196289 504
1742149137021 -59.37112808227539 507
1742149139613 -53.93293762207031 508
1742149144912 -64.22258758544922 510
1742149147421 -33.40303039550781 511
1742149150048 -25.997112274169922 512
1742149155082 -62.5235595703125 514
1742149160111 -64.25062561035156 516
1742149162638 -61.92573165893555 517
1742149165283 -61.911231994628906 518
1742149170355 -50.16575241088867 520
1742149173214 -43.1348991394043 521
1742149180703 -65.79092407226562 524
1742149183492 -38.89118194580078 525
1742149188331 -56.02134323120117 527
1742149190846 -58.66533279418945 528
1742149193549 -58.34403991699219 529
1742149198495 -59.12057113647461 531
1742149201329 -54.84426498413086 532
1742149208828 -57.30615284231858 535
1742149211616 -60.91010665893555 536
1742149219159 -63.1673698425293 539
1742149221923 -70.00582885742188 540
1742149229686 -62.1843376159668 543
1742149232470 -53.136695861816406 544
1742149237671 -66.64779663085938 546
1742149240480 -67.2481918334961 547
1742149243058 -72.08264923095703 548
1742149248234 -68.86308288574219 550
1742149250899 -68.84646606445312 551
1742149253451 -44.20296096801758 552
1742149255905 -54.020835876464844 553
1742149258671 -51.808475494384766 554
1742149261439 -25.73360824584961 555
1742149264043 -60.31660461425781 556
1742149266693 -64.29290008544922 557
1742149269230 -51.44419860839844 558
1742149271752 -75.6664047241211 559
1742149276904 -62.75325012207031 561
1742149279446 -86.10543823242188 562
1742149282084 -65.31513977050781 563
1742149284664 -49.73219299316406 564
1742149287326 -57.64129638671875 565
1742149292541 -63.43977355957031 567
1742149297868 -62.421329498291016 569
1742149303184 -60.657405853271484 571
1742149308405 -49.08277130126953 573
1742149310970 -50.53760528564453 574
1742149313705 -21.587818145751953 575
1742149316091 -73.13971710205078 576
1742149318773 -32.490272521972656 577
1742149321395 -52.07325744628906 578
1742149323894 -64.44734954833984 579
1742149326447 -65.2807846069336 580
1742149328970 -57.116790771484375 581
1742149331578 -80.29460144042969 582
1742149334204 -26.028032302856445 583
1742149336792 -62.953617095947266 584
1742149339427 -70.56614685058594 585
1742149344639 -60.991546630859375 587
1742149350161 -30.008708953857422 589
1742149355441 -66.38561248779297 591
1742149358090 -68.19932556152344 592
1742149360841 -75.77131652832031 593
1742149363418 -60.21517607548242 594
1742149366034 -58.781402587890625 595
1742149368772 -53.16530990600586 596
1742149371400 -55.906166076660156 597
1742149374115 -79.94674682617188 598
1742149376873 -54.69916534423828 599
1742149379504 -59.239463806152344 600
1742149382113 -69.29737091064453 601
1742149384700 -53.819091796875 602
1742149387296 -42.862979888916016 603
1742149389853 -64.99188232421875 604
1742149392456 -66.69821166992188 605
1742149395002 -68.47000885009766 606
1742149397541 -73.42033386230469 607
1742149400075 -56.828521728515625 608
1742149402786 -74.04815673828125 609
1742149408020 -67.810791015625 611
1742149413344 -56.20131301879883 613
1742149418493 -59.35886001586914 615
1742149420985 -57.88967514038086 616
1742149423643 -48.13245391845703 617
1742149428537 -56.125396728515625 619
1742149431328 -52.0572509765625 620
1742149438797 -53.73685836791992 623
1742149441538 -60.677738189697266 624
1742149449284 -48.68878173828125 627
1742149451783 -69.5377426147461 628
1742149459552 -53.78536605834961 631
1742149466827 -50.259029388427734 634
1742149469635 -64.94488525390625 635
1742149477100 -61.201602935791016 638
1742149479673 -68.36388397216797 639
1742149487100 -59.90360641479492 642
1742149489619 -66.7210693359375 643
1742149497242 -42.862022399902344 646
1742149499773 -44.73982238769531 647
1742149504806 -55.36235046386719 649
1742149507479 -55.85386276245117 650
1742149515139 -54.2724609375 653
1742149517808 -68.58358764648438 654
1742149522815 -54.390892028808594 656
1742149525477 -69.26914978027344 657
1742149528108 -58.054115295410156 658
1742149533124 -67.60572814941406 660
1742149535803 -55.41630935668945 661
1742149538587 -46.51604211657968 662
1742149541207 -49.00095748901367 663
1742149543793 -53.72365188598633 664
1742149546415 -55.623939514160156 665
1742149549157 -50.465091705322266 666
1742149551868 -51.907989501953125 667
1742149554555 -66.96478271484375 668
1742149557298 -58.46543502807617 669
1742149560081 -57.51274490356445 670
1742149565302 -33.290279388427734 672
1742149568145 -64.4386215209961 673
1742149570973 -28.21693229675293 674
1742149573549 -60.92878341674805 675
1742149579018 -64.30628967285156 677
1742149584121 -72.78062438964844 679
1742149589424 -59.363487243652344 681
1742149594338 -65.52267456054688 683
1742149596873 -56.051055908203125 684
1742149599587 -62.33784484863281 685
1742149602000 -57.26579284667969 686
1742149607034 -55.936588287353516 688
1742149609716 -51.521392822265625 689
1742149612213 -68.60685729980469 690
1742149614730 -73.99246978759766 691
1742149617326 -63.894012451171875 692
1742149619866 -59.16766357421875 693
1742149622380 -42.1068229675293 694
1742149624915 -64.53952026367188 695
1742149627635 -51.131072998046875 696
1742149632678 -65.73661041259766 698
1742149637792 -68.71775817871094 700
1742149640276 -47.61288833618164 701
1742149642996 -20.535417556762695 702
1742149648240 -56.64593505859375 704
1742149650827 -73.41712188720703 705
1742149655803 -57.682029724121094 707
1742149658584 -59.40068054199219 708
1742149661305 -53.22813415527344 709
1742149666482 -63.9271240234375 711
1742149669070 -65.34443664550781 712
1742149671824 -50.33414840698242 713
1742149677082 -46.651920318603516 715
1742149679774 -67.55754852294922 716
1742149687191 -64.76858520507812 719
1742149689853 -67.04585266113281 720
1742149694742 -63.79981231689453 722
1742149697378 -61.60279083251953 723
1742149700024 -57.58216857910156 724
1742149705096 -51.318931579589844 726
1742149707742 -61.79278564453125 727
1742149710393 -60.79153060913086 728
1742149712859 -46.8038330078125 729
1742149715483 -58.950584411621094 730
1742149718025 -59.86093521118164 731
1742149723176 -63.02313232421875 733
1742149725690 -54.82379913330078 734
1742149728464 -43.16339874267578 735
1742149733554 -52.45637512207031 737
1742149736060 -51.68401336669922 738
1742149738812 -58.49787902832031 739
1742149741327 -52.98752212524414 740
1742149743940 -61.650840759277344 741
1742149746532 -48.40571212768555 742
1742149749273 -44.735755920410156 743
1742149751927 -57.09754943847656 744
1742149754502 -69.04691314697266 745
1742149757256 -58.63514709472656 746
1742149760009 -52.5146598815918 747
1742149767829 -65.32445526123047 750
1742149770630 -37.17147445678711 751
1742149775782 -66.35482025146484 753
1742149778378 -60.82565969558158 754
1742149780986 -51.137508392333984 755
1742149786009 -63.39143371582031 757
1742149788659 -62.4322509765625 758
1742149793640 -62.911590576171875 760
1742149796144 -59.0361442565918 761
1742149798866 -64.03253173828125 762
1742149803905 -67.1063003540039 764
1742149806548 -56.55706024169922 765
1742149809272 -60.804771423339844 766
1742149811785 -48.9244270324707 767
1742149816861 -55.95233154296875 769
1742149819415 -56.882144927978516 770
1742149821985 -55.8486328125 771
1742149827208 -41.15036392211914 773
1742149829854 -53.213539123535156 774
1742149834946 -41.646759033203125 776
1742149837609 -44.20417962190044 777
1742149840277 -46.97340774536133 778
1742149845265 -52.6522216796875 780
1742149847947 -67.26834106445312 781
1742149850585 -66.85511016845703 782
1742149853174 -71.57012939453125 783
1742149858422 -57.59156799316406 785
1742149863527 -54.54763412475586 787
1742149868942 -48.385459899902344 789
1742149871614 -22.403715133666992 790
1742149876781 -48.350791931152344 792
1742149879652 -63.25748062133789 793
1742149882243 -63.36174011230469 794
1742149887274 -63.750064849853516 796
1742149889887 -64.17375183105469 797
1742149892356 -68.67733764648438 798
1742149897437 -61.1416015625 800
1742149899998 -70.3014144897461 801
1742149902529 -54.30574417114258 802
1742149905000 -52.86284637451172 803
1742149907664 -52.772430419921875 804
1742149910287 -59.89122009277344 805
1742149915289 -58.56247329711914 807
1742149917947 -49.25070571899414 808
1742149920588 -67.113037109375 809
1742149925811 -63.48284912109375 811
1742149928497 -28.456147726469784 812
1742149931204 -51.067935943603516 813
1742149933723 -75.25460815429688 814
1742149936401 -74.26776885986328 815
1742149938937 -68.17464447021484 816
1742149944046 -55.52134704589844 818
1742149946523 -57.964744567871094 819
1742149949211 -38.30903625488281 820
1742149954291 -50.88917541503906 822
1742149956864 -47.5726203918457 823
1742149959532 -66.89663696289062 824
1742149962076 -51.51740646362305 825
1742149964656 -65.19021606445312 826
1742149967306 -15.807613372802734 827
1742149970028 -43.089942932128906 828
1742149972713 -63.15362548828125 829
1742149977849 -58.726600646972656 831
1742149980660 -38.533023834228516 832
1742149983296 -53.8877067565918 833
1742149988440 -55.838287353515625 835
1742149991318 -52.59018325805664 836
1742149993901 -70.41727447509766 837
1742149999126 -63.7175407409668 839
1742150001812 -49.14836120605469 840
1742150009661 -53.214359283447266 843
1742150012185 -59.628074645996094 844
1742150017186 -68.0904541015625 846
1742150020125 -38.968048095703125 847
1742150022819 -83.09613800048828 848
1742150028033 -44.077877044677734 850
1742150030900 -58.33740234375 851
1742150038949 -39.182132720947266 854
1742150041657 -54.38816833496094 855
1742150049301 -64.54297637939453 858
1742150051988 -58.5660514831543 859
1742150056911 -63.0399055480957 861
1742150059731 -51.66701889038086 862
1742150062436 -55.13480758666992 863
1742150067568 -66.8838119506836 865
1742150070286 -63.80836707671555 866
1742150077971 -37.87587356567383 869
1742150080812 -58.11715316772461 870
1742150085839 -61.148292541503906 872
1742150088471 -43.16045379638672 873
1742150091322 -40.43442153930664 874
1742150096339 -62.59752655029297 876
1742150098976 -68.84646606445312 877
1742150101629 -65.48599243164062 878
1742150106745 -66.50972747802734 880
1742150109405 -61.71905517578125 881
1742150116950 -51.59309005737305 884
1742150119641 -54.34120559692383 885
1742150124660 -67.46724700927734 887
1742150127173 -63.10235595703125 888
1742150129866 -58.30506896972656 889
1742150134795 -69.2865219116211 891
1742150137639 -42.03470230102539 892
1742150140237 -37.892337799072266 893
1742150142757 -63.41444778442383 894
1742150148179 -42.3033561706543 896
1742150153373 -77.48492431640625 898
1742150158732 -64.73135375976562 900
1742150163703 -49.080238342285156 902
1742150166234 -60.63193893432617 903
1742150169075 -56.240753173828125 904
1742150171720 -77.63360595703125 905
1742150176903 -54.61222839355469 907
1742150179765 -57.16332244873047 908
1742150182395 -42.369580165312186 909
1742150187787 -61.86914950557103 911
1742150193041 -55.41167449951172 913
1742150198539 -43.882808685302734 915
1742150201262 -22.391138076782227 916
1742150206486 -53.663970947265625 918
1742150209356 -55.97979736328125 919
1742150212003 -53.30591583251953 920
1742150217284 -56.67859649658203 922
1742150220088 -33.61142945724194 923
1742150222706 -51.454368591308594 924
1742150228077 -69.37239837646484 926
1742150230686 -65.48686218261719 927
1742150233331 -64.18738555908203 928
1742150238709 -53.12879943847656 930
1742150241451 -64.35784149169922 931
1742150249437 -55.80741882324219 934
1742150252101 -77.73990631103516 935
1742150257354 -56.654335021972656 937
1742150260151 -57.11362075805664 938
1742150267918 -56.02001190185547 941
1742150270744 -59.59550094604492 942
1742150278729 -63.75431812880671 945
1742150289135 -65.12499237060547 949
1742150296622 -51.17027282714844 952
1742150299504 -65.00838470458984 953
1742150307036 -66.5729751586914 956
1742150309966 -60.119754791259766 957
1742150314973 -50.33293533325195 959
1742150317464 -61.05535743160881 960
1742150320364 -56.783267974853516 961
1742150325364 -59.702781677246094 963
1742150328029 -67.11920166015625 964
1742150333161 -48.551815032958984 966
1742150338408 -61.017391204833984 968
1742150343399 -49.27869415283203 970
1742150348628 -61.47774124145508 972
1742150351145 -71.94012451171875 973
1742150356173 -68.78099822998047 975
1742150358969 -60.543548583984375 976
1742150361521 -57.54804992675781 977
1742150366605 -74.30409240722656 979
1742150369240 -63.82054138183594 980
1742150371830 -24.40186309814453 981
1742150377209 -30.107864379882812 983
1742150379694 -64.32847595214844 984
1742150382169 -67.21224212646484 985
1742150387242 -60.321868896484375 987
1742150389831 -60.923912048339844 988
1742150394778 -57.35938262939453 990
1742150397471 -59.31853103637695 991
1742150400082 -56.52542495727539 992
1742150405204 -56.329322814941406 994
1742150408127 -55.721092224121094 995
1742150413157 -55.9759407043457 997
1742150418462 -63.25331497192383 999
1742150423537 -71.87440490722656 1001
1742150428994 -56.95005798339844 1003
1742150431578 -49.518287658691406 1004
1742150436680 -62.00666809082031 1006
1742150439371 -65.47248077392578 1007
1742150441953 -80.97791290283203 1008
1742150446908 -70.63797760009766 1010
1742150449771 -57.28627395629883 1011
1742150455011 -54.346153259277344 1013
1742150457646 -72.65626525878906 1014
1742150460496 -55.26325607299805 1015
1742150465680 -75.52852630615234 1017
1742150468465 -64.8958969116211 1018
1742150471085 -69.12554931640625 1019
1742150473681 -50.46864318847656 1020
1742150479051 -71.3312029470784 1022
1742150484407 -51.19695281982422 1024
1742150490047 -45.92383575439453 1026
1742150492753 -43.92697525024414 1027
1742150500858 -60.84827423095703 1030
1742150503566 -58.68670654296875 1031
1742150508926 -60.62461471557617 1033
1742150511611 -65.31261444091797 1034
1742150514297 -57.18391036987305 1035
1742150519702 -60.711002349853516 1037
1742150522411 -66.06788635253906 1038
1742150527513 -75.47673034667969 1040
1742150530342 -63.517173767089844 1041
1742150533074 -64.63204956054688 1042
1742150538268 -62.67644500732422 1044
1742150540886 -69.25503540039062 1045
1742150543531 -60.497772216796875 1046
1742150548697 -63.6717529296875 1048
1742150551277 -57.61421203613281 1049
1742150554036 -35.494178771972656 1050
1742150556673 -86.58065795898438 1051
1742150559232 -46.86133575439453 1052
1742150561921 -48.778892517089844 1053
1742150564414 -66.53856658935547 1054
1742150566991 -67.55479431152344 1055
1742150572174 -52.209598541259766 1057
1742150574763 9.873250961303711 1058
1742150577459 -45.84746170043945 1059
1742150582665 -61.89642333984375 1061
1742150585149 -70.03431701660156 1062
1742150587739 -64.96288299560547 1063
1742150590262 -56.706783294677734 1064
1742150592820 -60.85545349121094 1065
1742150595446 -54.929744720458984 1066
1742150597897 -59.78258514404297 1067
1742150600524 -59.06664276123047 1068
1742150603132 -64.6697998046875 1069
1742150605792 -70.53475952148438 1070
1742150608331 -55.58949279785156 1071
1742150610830 -54.30747604370117 1072
1742150613298 -71.22006225585938 1073
1742150615868 -61.88541030883789 1074
1742150618361 -66.6287841796875 1075
1742150620843 -60.98207092285156 1076
1742150623391 -77.63206481933594 1077
1742150626062 -37.607269287109375 1078
1742150630930 -55.18227005004883 1080
1742150633682 -39.58060836791992 1081
1742150636404 -68.07150268554688 1082
1742150641645 -66.97881317138672 1084
1742150644320 -57.84107208251953 1085
1742150646950 -87.54016876220703 1086
1742150652262 -39.7330322265625 1088
1742150655041 -59.960357666015625 1089
1742150662755 -59.42631530761719 1092
1742150665361 -72.28636169433594 1093
1742150670221 -48.19981384277344 1095
1742150672920 -66.37162017822266 1096
1742150675503 -62.43476867675781 1097
1742150680507 -32.68753433227539 1099
1742150683250 -54.90570068359375 1100
1742150685818 -73.60855865478516 1101
1742150691196 -64.79915618896484 1103
1742150694121 -41.85472106933594 1104
1742150699235 -50.207462310791016 1106
1742150701875 -58.49155807495117 1107
1742150704663 -62.121795654296875 1108
1742150709739 -63.02507400512695 1110
1742150712553 -56.12582778930664 1111
1742150715218 -48.04958724975586 1112
1742150720393 -53.15170669555664 1114
1742150723181 -53.64471435546875 1115
1742150725767 -82.45856475830078 1116
1742150730987 -49.09718322753906 1118
1742150733664 -52.44829177856445 1119
1742150736325 -63.212799072265625 1120
1742150738958 -55.362518310546875 1121
1742150741761 -62.61826705932617 1122
1742150746986 -75.9849853515625 1124
1742150749679 -67.32429504394531 1125
1742150752494 -51.860042572021484 1126
1742150757859 -67.65575408935547 1128
1742150760779 -38.31702423095703 1129
1742150763375 -70.16883850097656 1130
1742150768570 -61.59272384643555 1132
1742150771302 -50.64579391479492 1133
1742150773919 -68.78089904785156 1134
1742150779368 -65.76233673095703 1136
1742150782112 -67.48656463623047 1137
1742150784819 -62.570404052734375 1138
1742150787457 -48.245765686035156 1139
1742150790320 -66.09923553466797 1140
1742150792894 -67.8692855834961 1141
1742150795440 -64.4027328491211 1142
1742150798172 -57.3358039855957 1143
1742150803231 -68.60848999023438 1145
1742150805793 -68.17095947265625 1146
1742150808533 -59.256465911865234 1147
1742150811118 -55.92169189453125 1148
1742150813728 9.858642578125 1149
1742150816539 -68.07845306396484 1150
1742150819070 -49.519412994384766 1151
1742150821691 -48.06447219848633 1152
1742150826925 -58.59677505493164 1154
1742150829511 -79.6890640258789 1155
1742150832116 -77.40418243408203 1156
1742150834594 -59.608028411865234 1157
1742150837337 -61.35403060913086 1158
1742150839839 -86.34974670410156 1159
1742150842342 -63.19059371948242 1160
1742150844972 -49.608436584472656 1161
1742150847592 -56.81822967529297 1162
1742150850251 -71.64942169189453 1163
1742150852957 -53.688507080078125 1164
1742150855860 -45.738037109375 1165
1742150861214 -67.0858154296875 1167
1742150864127 -54.723602294921875 1168
1742150866980 -61.28966522216797 1169
1742150872334 -60.72251892089844 1171
1742150875334 -38.67355728149414 1172
1742150878387 -72.42924499511719 1173
1742150881450 -52.167152404785156 1174
1742150884113 -43.07426834106445 1175
1742150886947 -71.7892074584961 1176
1742150889574 -71.99886322021484 1177
1742150892017 -77.09925079345703 1178
1742150894676 -68.56088256835938 1179
1742150897327 -57.92547607421875 1180
1742150902476 -53.692012786865234 1182
1742150905329 -57.86777877807617 1183
1742150907967 -46.73299026489258 1184
1742150913147 -54.826499938964844 1186
1742150915888 -75.72486114501953 1187
1742150918556 -65.65621948242188 1188
1742150923957 -41.27789306640625 1190
1742150926625 -63.785892486572266 1191
1742150929216 -82.05049896240234 1192
1742150934631 -61.51515197753906 1194
1742150939709 -65.39337158203125 1196
1742150945113 -57.62645721435547 1198
1742150947621 -55.514713287353516 1199
1742150952924 -61.34912109375 1201
1742150955619 -64.69148254394531 1202
1742150958185 -62.454280853271484 1203
1742150963328 -53.90691375732422 1205
1742150965939 -48.94235610961914 1206
1742150968558 -40.40725326538086 1207
1742150971160 -57.47378921508789 1208
1742150973806 -22.667205810546875 1209
1742150976543 -59.6166877746582 1210
1742150981702 -59.99637614588608 1212
1742150984211 -75.65750885009766 1213
1742150986875 -56.94866943359375 1214
1742150989397 -56.03593063354492 1215
1742150991914 -53.54046630859375 1216
1742150994381 -69.36474609375 1217
1742150997008 -57.081321716308594 1218
1742150999613 -70.83651733398438 1219
1742151002180 -49.165523529052734 1220
1742151004780 -62.35959243774414 1221
1742151007514 -57.70734405517578 1222
1742151012682 -33.78791809082031 1224
1742151015424 -61.707305908203125 1225
1742151018013 -67.64127349853516 1226
1742151023229 -48.378013610839844 1228
1742151025870 -60.24165344238281 1229
1742151028498 -71.9511947631836 1230
1742151031084 -64.80244445800781 1231
1742151033734 -58.441335448787775 1232
1742151036390 -72.33660125732422 1233
1742151039102 -56.4132194519043 1234
1742151041719 -63.81173324584961 1235
1742151047057 -63.15816879272461 1237
1742151052216 -64.14900970458984 1239
1742151054847 -66.22119140625 1240
1742151057551 -63.31610107421875 1241
1742151060105 -62.998348236083984 1242
1742151062781 -56.49803924560547 1243
1742151065379 -81.10821533203125 1244
1742151068106 -70.57955932617188 1245
1742151070660 -62.73907470703125 1246
1742151073239 -70.55999755859375 1247
1742151075867 -57.33738708496094 1248
1742151078502 -55.08939743041992 1249
1742151081232 -61.89704513549805 1250
1742151086579 -39.47800064086914 1252
1742151089119 -56.652217864990234 1253
1742151091717 -76.64544677734375 1254
1742151094223 -49.19132614135742 1255
1742151096865 -60.49144744873047 1256
1742151099445 9.850098609924316 1257
1742151102088 -60.080284118652344 1258
1742151104693 -74.93510437011719 1259
1742151107116 -57.043304443359375 1260
1742151109693 -68.63925170898438 1261
1742151114826 -57.92060089111328 1263
1742151117324 -73.41863250732422 1264
1742151119954 -54.332603454589844 1265
1742151125066 -56.15093231201172 1267
1742151127580 -60.35490036010742 1268
1742151130216 -63.983154296875 1269
1742151132760 -57.57489013671875 1270
1742151137953 -62.56269073486328 1272
1742151140602 -63.4614143371582 1273
1742151143218 -63.149620056152344 1274
1742151148425 -56.955867767333984 1276
1742151153625 -59.474647521972656 1278
1742151158778 -50.71421813964844 1280
1742151163952 -36.598114013671875 1282
1742151166459 -58.56394958496094 1283
1742151169197 -39.41485595703125 1284
1742151171770 -54.06634521484375 1285
1742151176895 -58.615936279296875 1287
1742151179432 -61.60695266723633 1288
1742151182084 -59.17491149902344 1289
1742151184703 -54.2064208984375 1290
1742151187375 -48.715293884277344 1291
1742151189956 -71.63457489013672 1292
1742151192629 -62.33372116088867 1293
1742151195173 -42.584312438964844 1294
1742151197670 -70.02916717529297 1295
1742151200182 -52.516056060791016 1296
1742151202922 -63.79754638671875 1297
1742151208114 -93.01634216308594 1299
1742151210821 -54.28425598144531 1300
1742151213567 -68.46110534667969 1301
1742151216201 -66.98239135742188 1302
1742151221553 -55.37188720703125 1304
1742151226623 -53.74647521972656 1306
1742151232055 -58.21005630493164 1308
1742151237143 -44.47542395743065 1310
1742151242445 -59.23125457763672 1312
1742151244942 -56.890621185302734 1313
1742151250040 -56.41708755493164 1315
1742151252705 -56.76495361328125 1316
1742151255209 -63.20939254760742 1317
1742151260331 -49.5436897277832 1319
1742151262837 -72.89962005615234 1320
1742151265407 -46.75471115112305 1321
1742151270587 -67.14794158935547 1323
1742151275722 -73.08800506591797 1325
1742151278245 -62.9285888671875 1326
1742151281046 -58.203338623046875 1327
1742151283714 -61.82642364501953 1328
1742151288814 -52.480072021484375 1330
1742151291470 -62.072357177734375 1331
1742151294021 -72.36548614501953 1332
1742151299198 -56.79191207885742 1334
1742151301962 -36.15474319458008 1335
1742151309580 -57.325103759765625 1338
1742151312249 -65.17868041992188 1339
1742151320171 -38.45836733608805 1342
1742151322749 -60.767425537109375 1343
1742151327846 -70.2818603515625 1345
1742151330908 -52.17695999145508 1346
1742151338700 -50.58757781982422 1349
1742151341693 -39.66712188720703 1350
1742151349198 -62.158485412597656 1353
1742151351984 -62.44681167602539 1354
1742151356971 -50.54548645019531 1356
1742151359740 -67.06724548339844 1357
1742151366846 -60.74674987792969 1360
1742151369619 -60.3500862121582 1361
1742151376809 -74.04856872558594 1364
1742151379553 -57.105472564697266 1365
1742151386826 -64.38560485839844 1368
1742151389563 -70.27960205078125 1369
1742151394448 -47.96125411987305 1371
1742151397135 -60.82163619995117 1372
1742151399589 -58.99022674560547 1373
1742151404367 -66.18672943115234 1375
1742151407083 -66.67625427246094 1376
1742151414511 -58.739707946777344 1379
1742151417186 -52.53535842895508 1380
1742151424498 -57.088871002197266 1383
1742151427146 -54.081329345703125 1384
1742151431869 -51.62371826171875 1386
1742151434634 -57.406585693359375 1387
1742151437154 -60.146366119384766 1388
1742151442141 -53.781341552734375 1390
1742151444671 -56.24456787109375 1391
1742151447091 -56.31072998046875 1392
1742151451931 -47.309730529785156 1394
1742151454495 -60.86083221435547 1395
1742151456918 -57.41121292114258 1396
1742151461901 -54.80037307739258 1398
1742151464390 -50.529911041259766 1399
1742151466926 9.863175392150879 1400
1742151469453 -63.11260223388672 1401
1742151472169 -26.99215316772461 1402
1742151474751 -78.09397888183594 1403
1742151479737 -55.22333526611328 1405
1742151482336 -51.450355529785156 1406
1742151484794 -58.3836555480957 1407
1742151487251 -55.33478927612305 1408
1742151489731 -63.976871490478516 1409
1742151492313 -54.923828125 1410
1742151494759 -58.928306579589844 1411
1742151497197 -61.052555084228516 1412
1742151499675 -57.20663833618164 1413
1742151502362 -67.9161376953125 1414
1742151507248 -59.04397201538086 1416
1742151509883 -63.5644416809082 1417
1742151512392 -59.197696685791016 1418
1742151517238 -78.20977020263672 1420
1742151519886 -59.64210891723633 1421
1742151522366 -52.09467697143555 1422
1742151524756 -66.67261505126953 1423
1742151527217 -63.61363983154297 1424
1742151529985 -42.122554779052734 1425
1742151532396 -58.56242752075195 1426
1742151534829 -61.958717346191406 1427
1742151537209 -60.958091735839844 1428
1742151539902 -65.94435119628906 1429
1742151544738 -44.40311813354492 1431
1742151547349 -60.22602462768555 1432
1742151549925 -33.35619354248047 1433
1742151552323 -57.15483856201172 1434
1742151557449 -61.386871337890625 1436
1742151559954 -61.915313720703125 1437
1742151562494 -27.44219207763672 1438
1742151565092 -56.47319793701172 1439
1742151567717 -74.9722900390625 1440
1742151570253 -42.59687423706055 1441
1742151572729 -70.58000946044922 1442
1742151575232 -52.93195724487305 1443
1742151577914 -55.18582534790039 1444
1742151582810 -57.304527282714844 1446
1742151585421 -56.94883346557617 1447
1742151588044 -18.969470754362355 1448
1742151592953 -56.10603332519531 1450
1742151595649 -61.8400993347168 1451
1742151598124 -71.8207015991211 1452
1742151600528 -60.98680877685547 1453
1742151603083 -69.18863677978516 1454
1742151605685 -58.05758285522461 1455
1742151608185 -71.0816650390625 1456
1742151610600 -50.10411834716797 1457
1742151613289 -66.8478012084961 1458
1742151615746 -54.97027587890625 1459
1742151620673 -56.047969818115234 1461
1742151623578 -37.162086486816406 1462
1742151626059 -41.98634719848633 1463
1742151630936 -63.703758239746094 1465
1742151633686 -63.603511810302734 1466
1742151636197 -55.740821838378906 1467
1742151641275 -61.75917434692383 1469
1742151643896 -60.55106735229492 1470
1742151646370 -58.36818313598633 1471
1742151648732 -60.70012664794922 1472
1742151651481 -56.24713134765625 1473
1742151656361 -58.64545822143555 1475
1742151658849 -70.875732421875 1476
1742151661530 -57.7185173034668 1477
1742151664014 -66.14701843261719 1478
1742151668880 -52.136085510253906 1480
1742151671532 -59.39829635620117 1481
1742151674029 -59.468379974365234 1482
1742151678802 -51.59086890654804 1484
1742151681472 -38.055870056152344 1485
1742151683897 -54.385536193847656 1486
1742151686313 -50.63164520263672 1487
1742151688899 -58.09354782104492 1488
1742151693737 -61.490962982177734 1490
1742151696196 -54.433555603027344 1491
1742151698867 -60.995513916015625 1492
1742151701298 -69.61439514160156 1493
1742151706158 -55.92829132080078 1495
1742151708884 -51.230743408203125 1496
1742151711417 -53.68890380859375 1497
1742151713867 -63.068702697753906 1498
1742151719088 -58.5722541809082 1500
1742151721550 -48.413570404052734 1501
1742151724014 -61.06186294555664 1502
1742151726547 -62.80066680908203 1503
1742151729123 -56.49182891845703 1504
1742151733990 -65.44855499267578 1506
1742151736611 -65.96417236328125 1507
1742151739123 -45.31233215332031 1508
1742151743965 -48.73501205444336 1510
1742151746599 -63.024505615234375 1511
1742151749091 -57.335262298583984 1512
1742151751465 -68.43989562988281 1513
1742151754110 -47.82773971557617 1514
1742151756762 -72.53324890136719 1515
1742151761668 -55.61860275268555 1517
1742151764334 -62.813682556152344 1518
1742151766933 -61.70701599121094 1519
1742151771834 -57.229122161865234 1521
1742151774400 -66.540771484375 1522
1742151776976 -50.503990173339844 1523
1742151779384 -54.32838821411133 1524
1742151784542 -62.513214111328125 1526
1742151787038 -84.51702117919922 1527
1742151789547 -50.4763298034668 1528
1742151791940 -73.58032989501953 1529
1742151794587 -65.41800689697266 1530
1742151797039 -63.13762283325195 1531
1742151799562 -28.52197265625 1532
1742151802097 -55.659584045410156 1533
1742151804686 -69.97636413574219 1534
1742151809611 -62.2923583984375 1536
1742151812268 -69.6807861328125 1537
1742151814884 -54.16465759277344 1538
1742151817392 -59.718666076660156 1539
1742151819917 10.829154014587402 1540
1742151822618 -58.72065353393555 1541
1742151825097 -66.30350494384766 1542
1742151827549 -47.59981918334961 1543
1742151829925 -58.96395492553711 1544
1742151832535 -68.49629211425781 1545
1742151834987 -48.483680725097656 1546
1742151837453 -46.94471740722656 1547
1742151840035 -51.142730712890625 1548
1742151842524 -84.49417877197266 1549
1742151845048 -63.510711669921875 1550
1742151847593 -54.782169342041016 1551
1742151850281 -56.12886428833008 1552
1742151852801 -74.98052978515625 1553
1742151855261 -51.039955139160156 1554
1742151860411 -50.297054290771484 1556
1742151862903 -58.180843353271484 1557
1742151865395 -53.22264689567293 1558
1742151870508 -67.7018814086914 1560
1742151872981 -48.949745178222656 1561
1742151875460 -62.0145263671875 1562
1742151880652 -58.395660400390625 1564
1742151883023 -67.46109008789062 1565
1742151885515 9.862405776977539 1566
1742151888203 -43.41752624511719 1567
1742151890788 -65.55492401123047 1568
1742151893174 -80.7921142578125 1569
1742151898356 -60.53289794921875 1571
1742151900883 -68.9951400756836 1572
1742151903380 -69.46772766113281 1573
1742151908532 -64.78988647460938 1575
1742151913583 -61.68526840209961 1577
1742151916116 -71.07255554199219 1578
1742151918702 -44.13333511352539 1579
1742151921138 -59.01799392700195 1580
1742151923583 -48.33781814575195 1581
1742151926140 -54.22275924682617 1582
1742151928796 -24.601730346679688 1583
1742151931293 -46.49678039550781 1584
1742151936232 -57.83103561401367 1586
1742151938719 -58.06437683105469 1587
1742151941277 -26.384113311767578 1588
1742151946326 -56.010066986083984 1590
1742151948796 -67.25013732910156 1591
1742151951257 -74.85670471191406 1592
1742151953725 -71.25462341308594 1593
1742151956321 -66.79061889648438 1594
1742151961223 -71.52099609375 1596
1742151963956 -34.81285795467298 1597
1742151966529 -44.10303497314453 1598
1742151968967 -65.5956039428711 1599
1742151974152 -49.75661849975586 1601
1742151976594 -65.41531372070312 1602
1742151979032 -58.50448226928711 1603
1742151984047 -58.59012985229492 1605
1742151986479 -57.545631408691406 1606
1742151988922 -75.23365783691406 1607
1742151991320 -62.37409973144531 1608
1742151994003 -20.03321075439453 1609
1742151996516 -51.55756378173828 1610
1742152001574 -63.34824752807617 1612
1742152004101 -63.119359598791945 1613
1742152006704 -62.248924255371094 1614
1742152011762 -64.2369155883789 1616
1742152014253 -56.00061798095703 1617
1742152016890 -33.71112823486328 1618
1742152019359 -71.63101196289062 1619
1742152022139 -66.06819152832031 1620
1742152024692 -43.3270378112793 1621
1742152027247 -56.5338020324707 1622
1742152029778 -66.5206298828125 1623
1742152032395 -55.4443244934082 1624
1742152034873 -52.90453338623047 1625
1742152037362 -52.88872528076172 1626
1742152040053 -63.91559982299805 1627
1742152045026 -63.627525329589844 1629
1742152050185 -59.20455551147461 1631
1742152052660 -75.27625274658203 1632
1742152055098 -64.62004089355469 1633
1742152057586 -66.3653793334961 1634
1742152060141 -59.885955810546875 1635
1742152062616 -55.277992248535156 1636
1742152065069 -71.98231506347656 1637
1742152067582 -60.91722106933594 1638
1742152072525 -63.51463317871094 1640
1742152074990 -66.44381713867188 1641
1742152077647 -68.9888916015625 1642
1742152082441 -83.109619140625 1644
1742152084884 -77.01939392089844 1645
1742152087605 -60.71089172363281 1646
1742152090001 -58.027286529541016 1647
1742152092488 -73.05791473388672 1648
1742152095015 -25.926851272583008 1649
1742152097612 -66.43923950195312 1650
1742152100040 -55.26083755493164 1651
1742152102452 -67.75726318359375 1652
1742152105027 -57.21684646606445 1653
1742152109873 -60.331119537353516 1655
1742152112315 -56.326107025146484 1656
1742152115009 -59.58465576171875 1657
1742152117469 -68.17613983154297 1658
1742152122552 -64.643310546875 1660
1742152125267 -71.69583129882812 1661
1742152127832 -51.99690246582031 1662
1742152132967 -52.949100494384766 1664
1742152135504 -80.4388656616211 1665
1742152137989 -79.41017150878906 1666
1742152140388 -54.208946228027344 1667
1742152143031 -64.94908142089844 1668
1742152145510 -54.10475540161133 1669
1742152147982 -71.48326873779297 1670
1742152150470 -64.11235046386719 1671
1742152153100 -59.93076705932617 1672
1742152157979 -65.12059783935547 1674
1742152160563 -69.98480987548828 1675
1742152163155 -69.333251953125 1676
1742152168036 -56.84139633178711 1678
1742152170693 -50.013092041015625 1679
1742152173264 -68.1158447265625 1680
1742152175771 -52.27681350708008 1681
1742152178307 -44.969120025634766 1682
1742152180928 -68.3371353149414 1683
1742152183433 -74.77113342285156 1684
1742152185930 -66.18272399902344 1685
1742152188422 -63.88410186767578 1686
1742152190960 -67.9139404296875 1687
1742152193423 -70.7928466796875 1688
1742152195876 -58.94921112060547 1689
1742152198418 -57.328189849853516 1690
1742152200920 -57.855567932128906 1691
1742152203312 -55.38720703125 1692
1742152208406 -60.90866470336914 1694
1742152210871 -42.57518768310547 1695
1742152213350 -69.29353332519531 1696
1742152215777 -56.256412506103516 1697
1742152218428 -48.91883087158203 1698
1742152220971 -65.90067291259766 1699
1742152223508 -60.53239440917969 1700
1742152226164 -63.782501220703125 1701
1742152228671 -69.70930480957031 1702
1742152231113 -57.982452392578125 1703
1742152236137 -73.7269058227539 1705
1742152238719 -60.29718780517578 1706
1742152241183 -49.362266540527344 1707
1742152246305 -60.07578659057617 1709
1742152248921 -67.26294708251953 1710
1742152251416 -60.93132400512695 1711
1742152253974 -46.47483825683594 1712
1742152256528 -51.67491912841797 1713
1742152259092 -66.39088439941406 1714
1742152261582 -53.10420608520508 1715
1742152264188 -59.61176300048828 1716
1742152266732 -54.742820739746094 1717
1742152271716 -58.12343215942383 1719
1742152274336 -67.15616607666016 1720
1742152276962 -58.84519958496094 1721
1742152279402 -54.41791534423828 1722
1742152284544 -49.27627944946289 1724
1742152287172 -65.7630615234375 1725
1742152289685 -50.4903564453125 1726
1742152292191 -53.21668243408203 1727
1742152294808 -57.26124572753906 1728
1742152297299 -61.5688080846231 1729
1742152299777 -41.335235595703125 1730
1742152302380 -52.38034439086914 1731
1742152304920 -52.64685821533203 1732
1742152307505 -22.17786407470703 1733
1742152310018 -62.7132453918457 1734
1742152312627 -67.35673522949219 1735
1742152315122 -66.40144348144531 1736
1742152317913 -31.81412124633789 1737
1742152323000 -69.63422393798828 1739
1742152328027 -58.893470764160156 1741
1742152330574 -74.54374694824219 1742
1742152333169 -32.27410888671875 1743
1742152335565 -59.802940368652344 1744
1742152338123 -88.1835708618164 1745
1742152340763 -56.789188385009766 1746
1742152343359 -47.1573371887207 1747
1742152345956 -76.43187713623047 1748
1742152348575 -55.54597854614258 1749
1742152351226 -74.66605377197266 1750
1742152353840 -69.70325469970703 1751
1742152356542 -62.397560119628906 1752
1742152359180 -65.08595275878906 1753
1742152361818 -52.112831115722656 1754
1742152364394 -52.44504165649414 1755
1742152367019 -56.376155853271484 1756
1742152369567 -54.427894592285156 1757
1742152372152 -57.13270568847656 1758
1742152374725 -60.336334228515625 1759
1742152377270 -58.18172073364258 1760
1742152379843 -61.63724899291992 1761
1742152382309 -60.1806755065918 1762
1742152384782 -61.626861572265625 1763
1742152387301 -67.38034057617188 1764
1742152389796 -59.24383544921875 1765
1742152392256 -67.24365997314453 1766
1742152394707 -61.60029983520508 1767
1742152397346 -54.52388381958008 1768
1742152402494 -33.138877868652344 1770
1742152407605 -54.35419845581055 1772
1742152412508 -59.79902648925781 1774
1742152415037 -48.45098876953125 1775
1742152417521 -48.90806579589844 1776
1742152422506 -64.8909683227539 1778
1742152425058 -68.73814392089844 1779
1742152427574 -65.4647445678711 1780
1742152430068 -46.51739501953125 1781
1742152432556 -54.338348967411626 1782
1742152435242 -55.45329666137695 1783
1742152440228 -56.588645935058594 1785
1742152442642 -58.32696533203125 1786
1742152445350 -62.67237091064453 1787
1742152450368 -65.03985595703125 1789
1742152452840 -72.20929718017578 1790
1742152455406 -72.75923156738281 1791
1742152457909 -79.60525512695312 1792
1742152460426 -66.71155548095703 1793
1742152462904 -65.5509262084961 1794
1742152465419 -55.01874542236328 1795
1742152467920 -55.51736831665039 1796
1742152472932 -57.66142654418945 1798
1742152475449 -65.3712387084961 1799
1742152478020 -54.11656951904297 1800
1742152480558 -33.87334442138672 1801
1742152483181 -56.80592346191406 1802
1742152485687 -61.674156188964844 1803
1742152488208 -56.366458892822266 1804
1742152490669 -48.52973175048828 1805
1742152493255 -65.01510620117188 1806
1742152495713 -69.74761199951172 1807
1742152498172 -72.46306610107422 1808
1742152500663 -71.979736328125 1809
1742152503226 -50.78131866455078 1810
1742152505746 -67.56661987304688 1811
1742152508314 -66.07563781738281 1812
1742152510942 -62.14283752441406 1813
1742152513423 -65.47441101074219 1814
1742152516011 -70.25540924072266 1815
1742152518461 -57.693016052246094 1816
1742152520973 -60.92980194091797 1817
1742152523514 -54.926048278808594 1818
1742152525963 -53.08631134033203 1819
1742152528406 -58.921051025390625 1820
1742152530841 -49.40001678466797 1821
1742152533399 -76.0462646484375 1822
1742152535871 -56.92102813720703 1823
1742152538402 -60.896575927734375 1824
1742152540822 -46.846839904785156 1825
1742152543419 -49.25209045410156 1826
1742152545830 -60.44606399536133 1827
1742152548433 -45.636985778808594 1828
1742152550942 -63.096160888671875 1829
1742152553554 -64.43181610107422 1830
1742152558618 -63.543975830078125 1832
1742152561227 -58.2152099609375 1833
1742152563738 -54.69926452636719 1834
1742152566191 -66.05179595947266 1835
1742152568868 -23.263137817382812 1836
1742152571556 -44.74471538643066 1837
1742152576740 -60.51060485839844 1839
1742152579193 -62.706512451171875 1840
1742152581874 -59.52497863769531 1841
1742152587031 -39.3809700012207 1843
1742152589626 -62.95093536376953 1844
1742152592203 -68.42430877685547 1845
1742152597532 -24.04730987548828 1847
1742152600163 -57.77213668823242 1848
1742152604920 -74.13249969482422 1850
1742152607489 -50.0364990234375 1851
1742152610288 -43.53169631958008 1852
1742152615261 -35.326725006103516 1854
1742152620469 -61.69967269897461 1856
1742152625508 -54.064979553222656 1858
1742152627993 -68.16989135742188 1859
1742152630628 -43.282203674316406 1860
1742152635715 -51.718597412109375 1862
1742152638362 -57.941776275634766 1863
1742152645669 -62.01559066772461 1866
1742152648358 -64.5137710571289 1867
1742152655745 -60.012855529785156 1870
1742152658460 -63.40629945557196 1871
1742152663356 -49.28692626953125 1873
1742152666153 -53.418601989746094 1874
1742152673692 -54.52482223510742 1877
1742152676465 -65.0530014038086 1878
1742152681370 -70.8121109008789 1880
1742152683879 -43.382266998291016 1881
1742152686593 -57.26860427856445 1882
1742152691485 -63.26418685913086 1884
1742152693936 -55.544273376464844 1885
1742152696576 -65.76825714111328 1886
1742152701377 -61.47292709350586 1888
1742152704137 -60.7856559753418 1889
1742152711531 -39.38711056953788 1892
1742152714256 -57.09467697143555 1893
1742152721552 -59.20929718017578 1896
1742152724251 -55.90655517578125 1897
1742152729038 -70.94819641113281 1899
1742152731606 -45.065250396728516 1900
1742152734672 -22.319503677948997 1901
1742152739601 -39.13545608520508 1903
1742152742164 -57.06241226196289 1904
1742152744639 -56.408905029296875 1905
1742152749600 -47.34039306640625 1907
1742152752183 -58.64923858642578 1908
1742152754674 -54.75429916381836 1909
1742152759702 -58.32823181152344 1911
1742152762246 -61.80615234375 1912
1742152764731 -64.48727416992188 1913
1742152767261 -70.0073013305664 1914
1742152769921 -59.078067779541016 1915
1742152772553 -55.118324279785156 1916
1742152777499 -68.34800720214844 1918
1742152780042 -50.896080017089844 1919
1742152782591 -55.74272155761719 1920
1742152785001 -70.0244140625 1921
1742152787516 -67.07166290283203 1922
1742152789988 -50.87077331542969 1923
1742152792581 -67.5067367553711 1924
1742152795090 -53.784889221191406 1925
1742152797727 -63.49143981933594 1926
1742152800201 -73.9962158203125 1927
1742152802730 -69.27275085449219 1928
1742152805223 -48.26423645019531 1929
1742152807793 -66.26777648925781 1930
1742152810272 -54.490028381347656 1931
1742152812779 -60.075809478759766 1932
1742152815312 -64.929931640625 1933
1742152817803 -64.6441421508789 1934
1742152820303 -72.40794372558594 1935
1742152822840 -64.8352279663086 1936
1742152825487 -41.300472259521484 1937
1742152830362 -71.59503173828125 1939
1742152832978 -45.881404876708984 1940
1742152835521 -61.635589599609375 1941
1742152837924 -58.734371185302734 1942
1742152840494 -53.36308288574219 1943
1742152842977 9.869834899902344 1944
1742152845526 -60.59559631347656 1945
1742152847969 -67.08271789550781 1946
1742152850526 -56.399810791015625 1947
1742152853039 -49.993080139160156 1948
1742152858013 -62.48078155517578 1950
1742152860598 -67.34703063964844 1951
1742152863161 -64.69293975830078 1952
1742152865533 -62.109642028808594 1953
1742152870508 -56.14857864379883 1955
1742152873034 -76.13311767578125 1956
1742152875493 -53.95738220214844 1957
1742152877935 -55.665313720703125 1958
1742152880457 -66.5792236328125 1959
1742152883114 -19.80348014831543 1960
1742152885610 -62.407344818115234 1961
1742152888103 -73.14321899414062 1962
1742152890686 -52.56559371948242 1963
1742152895652 -66.0014419555664 1965
1742152898326 -40.6423225402832 1966
1742152900927 -69.41500091552734 1967
1742152903356 -73.66047668457031 1968
1742152908248 -60.10561752319336 1970
1742152910811 -49.186180114746094 1971
1742152913321 -30.471229553222656 1972
1742152918378 -61.04861068725586 1974
1742152920872 -65.82768249511719 1975
1742152923357 -48.789466857910156 1976
1742152925859 -47.198455810546875 1977
1742152928521 -64.9374771118164 1978
1742152933417 -54.525821685791016 1980
1742152935909 -62.14500427246094 1981
1742152938661 -44.1339652129154 1982
1742152941084 -54.44341278076172 1983
1742152946182 -68.75404357910156 1985
1742152948802 -57.5589485168457 1986
1742152951328 -73.59724426269531 1987
1742152956490 -58.444278717041016 1989
1742152959017 -73.72941589355469 1990
1742152961532 -69.17445373535156 1991
1742152963983 -56.00867462158203 1992
1742152966745 -61.399044036865234 1993
1742152969241 -68.40355682373047 1994
1742152974286 -44.56866455078125 1996
1742152977001 -61.113372802734375 1997
1742152979506 -46.21595764160156 1998
1742152984476 -53.77306365966797 2000
1742152987182 -63.792022705078125 2001
1742152989707 -84.95940399169922 2002
1742152995028 -50.0052490234375 2004
1742152997482 -54.41693115234375 2005
1742153000030 9.85391616821289 2006
1742153005405 -34.74478530883789 2008
1742153007840 -69.92498779296875 2009
1742153012575 -55.893043518066406 2011
1742153015318 -54.69969177246094 2012
1742153017821 -63.21489715576172 2013
1742153022780 -43.56802749633789 2015
1742153025433 -61.40663146972656 2016
1742153027934 -65.44340515136719 2017
1742153033147 -63.57494354248047 2019
1742153037989 -49.57997512817383 2021
1742153043147 -61.20318603515625 2023
1742153045561 -75.247802734375 2024
1742153050457 -56.92220687866211 2026
1742153053272 -51.76607894897461 2027
1742153055803 -53.79386520385742 2028
1742153061033 -73.60218811035156 2030
1742153063558 -50.43467330932617 2031
1742153066056 -38.06899642944336 2032
1742153071135 -52.74729537963867 2034
1742153073651 -57.67681884765625 2035
1742153076172 -58.0192756652832 2036
1742153078653 -57.697059631347656 2037
1742153081303 -74.87364959716797 2038
1742153083809 -62.87030029296875 2039
1742153088965 -53.32635498046875 2041
1742153091621 -23.041637420654297 2042
1742153094283 -68.30296325683594 2043
1742153099516 -37.16569519042969 2045
1742153102177 -51.00156784057617 2046
1742153109978 -22.63730812072754 2049
1742153112747 -65.05838012695312 2050
1742153117642 -68.6997299194336 2052
1742153120130 -49.88148880004883 2053
1742153122843 -53.1600456237793 2054
1742153127740 -52.2020149230957 2056
1742153130357 -53.77970886230469 2057
1742153133034 -50.66529083251953 2058
1742153138101 -51.928955078125 2060
1742153140884 -52.080997467041016 2061
1742153145634 -59.93233108520508 2063
1742153148162 -68.27501678466797 2064
1742153150905 -63.10335159301758 2065
1742153155803 -61.82942581176758 2067
1742153158351 -46.31351852416992 2068
1742153161280 -36.337989807128906 2069
1742153166248 -38.610374450683594 2071
1742153168792 -55.230865478515625 2072
1742153171473 -57.97069549560547 2073
1742153176497 -70.72725677490234 2075
1742153179047 -62.09516143798828 2076
1742153181555 -70.92522430419922 2077
1742153183907 -55.81495666503906 2078
1742153186492 -51.353755950927734 2079
1742153189162 -69.36901092529297 2080
1742153194017 -64.57579040527344 2082
1742153199236 -56.58327102661133 2084
1742153204235 -32.95283508300781 2086
1742153206834 -72.89033508300781 2087
1742153209465 -64.24500274658203 2088
1742153214513 -61.723819732666016 2090
1742153217156 -69.56649017333984 2091
1742153219658 -66.00970458984375 2092
1742153222076 -56.073238372802734 2093
1742153224683 -57.09173583984375 2094
1742153227257 -33.90816879272461 2095
1742153229664 -74.43972778320312 2096
1742153232133 -58.01277542114258 2097
1742153234703 -67.07115936279297 2098
1742153237188 -58.79733657836914 2099
1742153239635 -50.39973831176758 2100
1742153242195 -51.17089745540316 2101
1742153244906 -24.72075653076172 2102
1742153247401 -61.10570526123047 2103
1742153252312 -73.07579040527344 2105
1742153254852 -47.67591094970703 2106
1742153257324 -59.6204719543457 2107
1742153259714 -69.81243896484375 2108
1742153262234 -71.2280502319336 2109
1742153264854 -50.31027603149414 2110
1742153269769 -70.19168090820312 2112
1742153272181 -73.98743438720703 2113
1742153274764 -73.98861694335938 2114
1742153279689 -58.47895812988281 2116
1742153282154 -53.171199798583984 2117
1742153284717 -63.065338134765625 2118
1742153289665 -62.485939025878906 2120
1742153292121 -58.979469299316406 2121
1742153294716 -53.305870056152344 2122
1742153297139 -65.1512222290039 2123
1742153299745 -81.05354309082031 2124
1742153302372 -59.54233751524498 2125
1742153307235 -55.22526168823242 2127
1742153309767 -62.609527587890625 2128
1742153312471 -64.1229248046875 2129
1742153317435 -56.950408935546875 2131
1742153319984 -67.15473937988281 2132
1742153322705 -18.76642608642578 2133
1742153327735 -63.51445007324219 2135
1742153330317 -57.64046096801758 2136
1742153335349 -46.788551330566406 2138
1742153337875 -66.89646911621094 2139
1742153340479 -52.450286865234375 2140
1742153342984 -60.07889938354492 2141
1742153345595 -46.831398010253906 2142
1742153350860 -45.48885726928711 2144
1742153353324 -73.81367492675781 2145
1742153355950 -56.54942321777344 2146
1742153358457 -68.35061645507812 2147
1742153361004 -68.52625274658203 2148
1742153363512 -75.23440551757812 2149
1742153366141 -55.951541900634766 2150
1742153368779 -64.298095703125 2151
1742153371286 -68.06444549560547 2152
1742153373859 -70.91224670410156 2153
1742153378894 -58.732826232910156 2155
1742153381346 -69.58781433105469 2156
1742153383921 -52.424171447753906 2157
1742153386365 -59.863834381103516 2158
1742153388861 -58.62020492553711 2159
1742153391329 -56.452239990234375 2160
1742153393910 -60.43403625488281 2161
1742153396369 -59.87214660644531 2162
1742153398843 -63.784393310546875 2163
1742153403875 -68.05738830566406 2165
1742153406442 -63.354148864746094 2166
1742153408902 -76.20245361328125 2167
1742153411278 -59.56349182128906 2168
1742153413792 -51.44403839111328 2169
1742153416368 -64.30252075195312 2170
1742153418858 -69.22628784179688 2171
1742153421399 -55.24794387817383 2172
1742153423860 -46.19180679321289 2173
1742153426312 -71.53166961669922 2174
1742153431380 -59.80792999267578 2176
1742153433856 -59.210601806640625 2177
1742153436356 -68.2061767578125 2178
1742153438844 -68.98666051409212 2179
1742153441350 -56.62828063964844 2180
1742153443823 -54.87350082397461 2181
1742153446329 -63.15713119506836 2182
1742153448803 -58.565635681152344 2183
1742153451325 -63.302276611328125 2184
1742153453771 -43.39435958862305 2185
1742153456255 -64.291259765625 2186
1742153458732 -64.54216003417969 2187
1742153461274 -66.256103515625 2188
1742153463708 -51.837520599365234 2189
1742153466168 -55.354774475097656 2190
1742153468704 -58.26000213623047 2191
1742153471160 -63.21042251586914 2192
1742153473704 -54.69947814941406 2193
1742153476224 -70.42849731445312 2194
1742153478695 -67.45556640625 2195
1742153481110 -44.15105056762695 2196
1742153483674 -51.983646392822266 2197
1742153486143 -64.83893585205078 2198
1742153488670 -61.03605651855469 2199
1742153493644 -53.982337951660156 2201
1742153496280 -51.655967712402344 2202
1742153498664 -58.187198638916016 2203
1742153501094 -57.03360366821289 2204
1742153503625 -68.73290252685547 2205
1742153506182 -52.0438232421875 2206
1742153508662 -69.42156219482422 2207
1742153511150 -75.27442169189453 2208
1742153513679 -69.1470718383789 2209
1742153516151 -63.36260223388672 2210
1742153520986 -68.15335845947266 2212
1742153523515 -54.07060241699219 2213
1742153526040 -56.85345458984375 2214
1742153530929 -55.301795959472656 2216
1742153533464 -60.80389404296875 2217
1742153535923 -45.10097885131836 2218
1742153538344 -72.50638580322266 2219
1742153540925 -61.347084045410156 2220
1742153543355 -79.20830535888672 2221
1742153545858 -64.69697570800781 2222
1742153548380 -80.60147857666016 2223
1742153551029 -60.13336181640625 2224
1742153553567 -79.33970642089844 2225
1742153556061 -66.51908874511719 2226
1742153558590 -57.13990020751953 2227
1742153561333 -53.219120025634766 2228
1742153563910 -54.95640182495117 2229
1742153566421 -44.64222717285156 2230
1742153568931 -53.44266891479492 2231
1742153571466 -60.43492126464844 2232
1742153573986 -50.06438064575195 2233
1742153576474 -48.277339935302734 2234
1742153578958 -61.252418518066406 2235
1742153581517 -42.915279388427734 2236
1742153584040 -56.226009368896484 2237
1742153586529 -62.46479034423828 2238
1742153589129 -51.501258850097656 2239
1742153591728 -60.58034133911133 2240
1742153596734 -53.87663269042969 2242
1742153599356 -56.99728012084961 2243
1742153601991 -59.41950225830078 2244
1742153607128 -37.800804138183594 2246
1742153609780 -23.16234588623047 2247
1742153612323 -76.5322265625 2248
1742153617404 -56.893985748291016 2250
1742153619862 -53.73554611206055 2251
1742153622311 -64.70993041992188 2252
1742153624746 -49.8372802734375 2253
1742153627315 -56.65087127685547 2254
1742153629820 -55.4183235168457 2255
1742153634656 -61.7956428527832 2257
1742153637246 -53.42510986328125 2258
1742153639807 -60.500362396240234 2259
1742153644729 -65.42034149169922 2261
1742153647241 -47.37118911743164 2262
1742153649694 -62.57783508300781 2263
1742153654793 -60.39036178588867 2265
1742153657336 -45.44694519042969 2266
1742153662340 -54.9903564453125 2268
1742153664937 -63.590476989746094 2269
1742153667585 -61.670448303222656 2270
1742153672612 -65.4410171508789 2272
1742153675239 -71.17689514160156 2273
1742153677858 -60.842159271240234 2274
1742153682753 -56.317848205566406 2276
1742153685211 -43.213958740234375 2277
1742153687782 -54.37580871582031 2278
1742153692805 -52.391082763671875 2280
1742153695297 -61.204872131347656 2281
1742153697839 10.578352761011987 2282
1742153700288 -64.56304168701172 2283
1742153702848 -49.66387176513672 2284
1742153705379 -64.75509643554688 2285
1742153710314 -35.88351821899414 2287
1742153712786 -50.15788650512695 2288
1742153715346 -64.43193054199219 2289
1742153720285 -57.59046173095703 2291
1742153722897 -41.028404235839844 2292
1742153725407 -49.37515640258789 2293
1742153730283 -80.55762481689453 2295
1742153732815 -65.07408905029297 2296
1742153737548 -52.07440185546875 2298
1742153740095 -43.754302978515625 2299
1742153742757 -60.34330749511719 2300
1742153747644 -55.67169189453125 2302
1742153750201 -64.1351089477539 2303
1742153752793 -36.25339126586914 2304
1742153757737 -72.54193878173828 2306
1742153760406 -56.507080078125 2307
1742153762890 -51.060550689697266 2308
1742153767903 -62.3261604309082 2310
1742153770633 -35.59846496582031 2311
1742153778116 -62.86285400390625 2314
1742153780723 -65.51535034179688 2315
1742153785587 -50.267730712890625 2317
1742153788197 -55.3765754699707 2318
1742153790743 -50.46611022949219 2319
1742153795606 -56.32966995239258 2321
1742153798277 -60.03623962402344 2322
1742153805917 -38.60663986206055 2325
1742153808553 -63.81554412841797 2326
1742153816022 -61.46492385864258 2329
1742153818593 -59.08135223388672 2330
1742153823405 -71.25379943847656 2332
1742153826079 -60.13716125488281 2333
1742153828606 -64.22422790527344 2334
1742153833558 -68.13148498535156 2336
1742153836313 -57.67012023925781 2337
1742153838807 -40.58054733276367 2338
1742153843671 -70.9749755859375 2340
1742153846416 -55.34759521484375 2341
1742153853937 -40.97768020629883 2344
1742153856551 -19.764898986759107 2345
1742153861419 -76.14353942871094 2347
1742153864066 -58.31113052368164 2348
1742153866605 -43.1142463684082 2349
1742153871477 -54.88981246948242 2351
1742153874105 -67.93128967285156 2352
1742153876609 -65.05941009521484 2353
1742153881596 -51.59858322143555 2355
1742153884239 -65.12242126464844 2356
1742153891694 -73.10050964355469 2359
1742153894369 -59.05462646484375 2360
1742153899245 -64.97640228271484 2362
1742153902063 -33.765473163843204 2363
1742153904551 -57.38478088378906 2364
1742153909556 -64.92291259765625 2366
1742153912227 -51.169517517089844 2367
1742153914721 -42.121856689453125 2368
1742153919733 -66.08064270019531 2370
1742153922395 -58.10087966918945 2371
1742153929831 -61.058555603027344 2374
1742153932432 -69.6188735961914 2375
1742153937301 -68.69060516357422 2377
1742153939967 -73.20036315917969 2378
1742153942684 -27.37973403930664 2379
1742153947739 -25.02515983581543 2381
1742153950416 -64.68319702148438 2382
1742153952921 -57.994388580322266 2383
1742153957958 -40.694427490234375 2385
1742153960710 -38.43423080444336 2386
1742153965498 -66.73395538330078 2388
1742153967957 -71.20430755615234 2389
1742153970782 -24.095996856689453 2390
1742153975546 -72.18021392822266 2392
1742153978049 -52.616615295410156 2393
1742153980727 -65.32667541503906 2394
1742153983127 -64.56502532958984 2395
1742153988458 -48.52778625488281 2397
1742153993269 -49.531253814697266 2399
1742153998413 -57.06565856933594 2401
1742154003306 -20.591188430786133 2403
1742154005770 -58.151737213134766 2404
1742154008527 -55.396724700927734 2405
1742154013337 -51.8514518737793 2407
1742154016031 -62.78472900390625 2408
1742154023280 -68.39842224121094 2411
1742154026077 -50.50814117557557 2412
1742154033346 -51.99362564086914 2415
1742154036107 -64.0330810546875 2416
1742154041169 -71.76374816894531 2418
1742154043905 -36.388336181640625 2419
1742154046464 -52.12474732652592 2420
1742154051455 -51.094757080078125 2422
1742154054146 -58.84236145019531 2423
1742154056545 -55.881160736083984 2424
1742154061479 -50.85459899902344 2426
1742154064139 -56.82002639770508 2427
1742154066492 -57.99848937988281 2428
1742154069014 -69.30351257324219 2429
1742154071583 -33.22673034667969 2430
1742154074169 -73.58721923828125 2431
1742154076664 -59.03546142578125 2432
1742154079223 -64.07686614990234 2433
1742154082079 -48.614925384521484 2434
1742154087116 -72.74231719970703 2436
1742154089767 -60.11077117919922 2437
1742154092512 -59.67467498779297 2438
1742154097542 -66.67593383789062 2440
1742154100046 -53.29718017578125 2441
1742154102642 -63.5933952331543 2442
1742154107654 -59.71702575683594 2444
1742154110155 -73.42613220214844 2445
1742154112738 -58.26668167114258 2446
1742154117754 -65.07970428466797 2448
1742154120492 -31.838680267333984 2449
1742154125428 -60.0589485168457 2451
1742154127961 -60.373252868652344 2452
1742154130662 -54.82417678833008 2453
1742154135468 -57.14250946044922 2455
1742154138027 -61.32781219482422 2456
1742154140669 -67.86822509765625 2457
1742154145696 -57.30683135986328 2459
1742154148486 -57.6986198425293 2460
1742154151021 -56.53700256347656 2461
1742154155978 -56.951019287109375 2463
1742154158700 -54.21136474609375 2464
1742154161163 -78.64435577392578 2465
1742154163659 -57.451454162597656 2466
1742154166197 -73.50021362304688 2467
1742154168763 -56.11553192138672 2468
1742154173528 -50.2425651550293 2470
1742154176430 -28.289031982421875 2471
1742154178980 -71.849853515625 2472
1742154183914 -67.6940689086914 2474
1742154186647 -60.854312896728516 2475
1742154189144 -73.03062438964844 2476
1742154191567 -68.28923797607422 2477
1742154194149 -66.21080017089844 2478
1742154196766 -69.16284942626953 2479
1742154199292 -60.32438278198242 2480
1742154201800 -61.53453826904297 2481
1742154204436 -51.90327453613281 2482
1742154207026 -69.09829711914062 2483
1742154212020 -47.80792999267578 2485
1742154214606 -58.587032318115234 2486
1742154217198 -54.84162139892578 2487
1742154222355 -43.958953857421875 2489
1742154227469 -52.61988067626953 2491
1742154232569 -54.327571868896484 2493
1742154235190 -63.14344787597656 2494
1742154242748 -53.575286865234375 2497
1742154245384 -62.634178161621094 2498
1742154250245 -41.45350646972656 2500
1742154252906 -59.767181396484375 2501
1742154255491 -58.316707611083984 2502
1742154260439 -52.26075744628906 2504
1742154262907 -54.37440872192383 2505
1742154265495 -72.75935363769531 2506
1742154270701 -50.086544036865234 2508
1742154273296 -55.715065002441406 2509
1742154280854 -59.5687370300293 2512
1742154283538 -27.443023681640625 2513
1742154288456 -63.213783264160156 2515
1742154291091 -24.392597198486328 2516
1742154293646 -64.2796859741211 2517
1742154298539 -69.18201446533203 2519
1742154301063 -58.34870147705078 2520
1742154303620 -55.00119400024414 2521
1742154308670 -64.47145080566406 2523
1742154311216 -60.11815526204659 2524
1742154316250 -49.96923828125 2526
1742154321313 -65.5069580078125 2528
1742154326333 -51.53232955932617 2530
1742154328730 -52.72748565673828 2531
1742154331525 -34.03483963012695 2532
1742154336517 -69.75614166259766 2534
1742154339036 -61.07970428466797 2535
1742154341637 -60.964942932128906 2536
1742154344115 -52.47456741333008 2537
1742154346619 -44.314022064208984 2538
1742154349192 -55.21040344238281 2539
1742154351670 -65.23500061035156 2540
1742154354140 -56.03636932373047 2541
1742154356600 -77.83380889892578 2542
1742154359086 -45.514427185058594 2543
1742154361567 -73.53459930419922 2544
1742154364196 -61.377479553222656 2545
1742154366701 -63.89313507080078 2546
1742154371658 -71.06617736816406 2548
1742154374238 -55.42765808105469 2549
1742154376840 -59.959815979003906 2550
1742154379283 -78.13996124267578 2551
1742154381695 -45.156982421875 2552
1742154384285 -55.218387603759766 2553
1742154386859 -74.88633728027344 2554
1742154389308 -62.80192947387695 2555
1742154391712 -59.9300651550293 2556
1742154394270 -65.387939453125 2557
1742154399259 -56.55059814453125 2559
1742154401871 -65.82206726074219 2560
1742154404468 -49.05236053466797 2561
1742154406884 -73.17146301269531 2562
1742154411936 -57.46152114868164 2564
1742154414531 -70.84046936035156 2565
1742154416976 -62.41257858276367 2566
1742154422045 -63.54831314086914 2568
1742154424617 -63.53852462768555 2569
1742154427122 -58.883663177490234 2570
1742154429495 -67.79771423339844 2571
1742154432226 -62.92177200317383 2572
1742154437137 -54.84614944458008 2574
1742154439604 -58.345584869384766 2575
1742154442398 -57.46706008911133 2576
1742154444869 -56.64395523071289 2577
1742154450036 -47.476165771484375 2579
1742154452650 -54.56739807128906 2580
1742154455144 -75.22840118408203 2581
1742154460141 -63.60887145996094 2583
1742154462652 -42.98212432861328 2584
1742154465129 -70.23050689697266 2585
1742154470243 -58.66240692138672 2587
1742154472701 -63.36198043823242 2588
1742154480366 -63.5322380065918 2591
1742154482782 -76.74671936035156 2592
1742154487524 -60.507755279541016 2594
1742154490195 -65.6916275024414 2595
1742154492625 -66.46680450439453 2596
1742154497558 -54.1237907409668 2598
1742154500099 -67.57513427734375 2599
1742154502544 -38.760868072509766 2600
1742154507617 -58.53520965576172 2602
1742154510068 -76.94832611083984 2603
1742154514782 -53.87174606323242 2605
1742154517457 -56.95576858520508 2606
1742154519899 -58.01465606689453 2607
1742154524805 -58.03718566894531 2609
1742154527430 -80.2470703125 2610
1742154529892 -61.12141418457031 2611
1742154534857 -61.5512580871582 2613
1742154537366 -56.96674728393555 2614
1742154539805 -68.13967895507812 2615
1742154544780 -60.2968864440918 2617
1742154547337 -65.70883178710938 2618
1742154552254 -55.48013687133789 2620
1742154554892 -58.383460998535156 2621
1742154557475 -59.87031936645508 2622
1742154562353 -68.34696197509766 2624
1742154564801 -62.80272674560547 2625
1742154567368 -53.07457733154297 2626
1742154569757 -60.08972930908203 2627
1742154572267 -59.73012924194336 2628
1742154574817 -48.00415802001953 2629
1742154577277 -65.76554870605469 2630
1742154579744 -69.39398956298828 2631
1742154582228 -55.83893585205078 2632
1742154584879 -70.27949523925781 2633
1742154589758 -61.590415954589844 2635
1742154595190 -27.579082489013672 2637
1742154597626 -58.52829360961914 2638
1742154600193 -61.59642791748047 2639
1742154602665 -73.27448272705078 2640
1742154605285 -63.940330505371094 2641
1742154607752 -57.598785400390625 2642
1742154610221 -61.47144317626953 2643
1742154612745 -62.61793518066406 2644
1742154617653 -56.5323486328125 2646
1742154620060 -72.39253234863281 2647
1742154622758 -43.65159606933594 2648
1742154627801 -64.98171997070312 2650
1742154630234 -72.86580657958984 2651
1742154632923 -62.28108596801758 2652
1742154635433 -72.68394470214844 2653
1742154637968 -61.265071868896484 2654
1742154643050 -67.17333221435547 2656
1742154645501 -65.44210815429688 2657
1742154650462 -64.34400939941406 2659
1742154653096 -67.33655548095703 2660
1742154655640 -59.13506317138672 2661
1742154660890 -55.93852615356445 2663
1742154663457 -47.77906799316406 2664
1742154668286 -44.79875564575195 2666
1742154670919 -55.504180908203125 2667
1742154673366 -50.68267059326172 2668
1742154675806 -55.28736114501953 2669
1742154678283 -56.15753173828125 2670
1742154680873 -65.96344757080078 2671
1742154683352 -76.7037124633789 2672
1742154685825 -49.58482243833634 2673
1742154688349 -60.199005126953125 2674
1742154690926 -59.066097259521484 2675
1742154695719 -59.376773834228516 2677
1742154698216 -69.32393646240234 2678
1742154700731 -48.14675521850586 2679
1742154705531 -69.01895141601562 2681
1742154708021 -59.75830680112509 2682
1742154710502 -65.15155792236328 2683
1742154715347 -58.48174285888672 2685
1742154718089 -37.92811675439653 2686
1742154722983 -24.619712829589844 2688
1742154725444 -48.29460144042969 2689
1742154728121 -66.68580627441406 2690
1742154732954 -46.973087310791016 2692
1742154735391 -52.96179962158203 2693
1742154738214 -61.369598388671875 2694
1742154743148 -55.892059326171875 2696
1742154745729 -58.590789794921875 2697
1742154750704 -48.32653045654297 2699
1742154756022 -49.26042938232422 2701
1742154760875 -71.05632781982422 2703
1742154766245 -47.92042541503906 2705
1742154771087 -60.586029052734375 2707
1742154776240 -66.22127532958984 2709
1742154778631 -53.10693359375 2710
1742154783713 -57.10899353027344 2712
1742154786331 -63.59822082519531 2713
1742154788849 -43.446510314941406 2714
1742154793914 -63.788490295410156 2716
1742154798945 -65.25568389892578 2718
1742154804099 -55.09003829956055 2720
1742154808897 -47.12293243408203 2722
1742154811323 -61.683746337890625 2723
1742154813996 -60.54047775268555 2724
1742154816456 -53.89723587036133 2725
1742154821449 -58.968955993652344 2727
1742154824074 -59.130767822265625 2728
1742154826479 -57.379756927490234 2729
1742154831365 -54.19398498535156 2731
1742154834046 -32.832645416259766 2732
1742154836666 -50.032814025878906 2733
1742154839277 -54.59278869628906 2734
1742154841979 -66.87030792236328 2735
1742154844660 -67.2447738647461 2736
1742154849858 -52.47421646118164 2738
1742154852447 -73.55931091308594 2739
1742154855188 -52.0445556640625 2740
1742154860479 -61.83591079711914 2742
1742154863091 -49.88521957397461 2743
1742154865796 -54.16621398925781 2744
1742154868410 -58.02388000488281 2745
1742154871099 -70.22233581542969 2746
1742154876436 -57.18952941894531 2748
1742154879108 -64.5499267578125 2749
1742154881687 -63.13253402709961 2750
1742154884260 -73.33304595947266 2751
1742154886945 -63.313873291015625 2752
1742154889535 -62.860877990722656 2753
1742154892086 -61.815528869628906 2754
1742154894647 -81.48841094970703 2755
1742154897352 -65.62310028076172 2756
1742154900007 -54.33369827270508 2757
1742154902640 -51.256595611572266 2758
1742154905337 -24.208467483520508 2759
1742154908152 -55.96113586425781 2760
1742154913425 -36.970699310302734 2762
1742154916113 -67.5186996459961 2763
1742154918808 -49.29591751098633 2764
1742154921389 -48.86741256713867 2765
1742154923972 -70.75886535644531 2766
1742154926584 -66.99654388427734 2767
1742154929155 -51.26150131225586 2768
1742154931765 -51.739532470703125 2769
1742154934433 -49.0579948425293 2770
1742154937175 -55.48663330078125 2771
1742154939851 -26.249465942382812 2772
1742154942431 -72.5370864868164 2773
1742154944963 -62.69589614868164 2774
1742154949989 -51.8808708190918 2776
1742154955074 -73.32549285888672 2778
1742154960058 -52.96678924560547 2780
1742154965261 -53.326541900634766 2782
1742154970321 -52.78404998779297 2784
1742154972935 -55.15679168701172 2785
1742154975533 -22.58000946044922 2786
1742154980567 -55.75598907470703 2788
1742154983420 -42.318878173828125 2789
1742154991307 -65.45035552978516 2792
1742154994096 -60.5948486328125 2793
1742155002022 -58.98794174194336 2796
1742155004785 -64.97209930419922 2797
1742155009914 -54.75212860107422 2799
1742155012782 -42.22706142483183 2800
1742155015327 -41.48894119262695 2801
1742155020511 -57.0174674987793 2803
1742155023142 -71.259033203125 2804
1742155025653 -62.943355560302734 2805
1742155028069 -59.90520477294922 2806
1742155030878 -68.30219268798828 2807
1742155033295 -58.618350982666016 2808
1742155038351 -67.21882629394531 2810
1742155041127 -64.89917755126953 2811
1742155043678 -52.779815673828125 2812
1742155048748 -62.350852966308594 2814
1742155051550 -50.18349838256836 2815
1742155054032 -70.42615509033203 2816
1742155056553 -52.42604446411133 2817
1742155059033 -50.78594207763672 2818
1742155061748 -79.20368957519531 2819
1742155064327 -49.278602600097656 2820
1742155066938 -73.7280044555664 2821
1742155069643 -67.74958801269531 2822
1742155072293 -56.29999542236328 2823
1742155074906 -58.311031341552734 2824
1742155077554 -52.12613296508789 2825
1742155080272 -65.99108123779297 2826
1742155082996 -22.245983123779297 2827
1742155085628 -55.093223571777344 2828
1742155090948 -44.25339126586914 2830
1742155093693 -54.13977813720703 2831
1742155096423 -22.033103942871094 2832
1742155099075 -72.26564025878906 2833
1742155101728 -66.23178100585938 2834
1742155104330 -56.258548736572266 2835
1742155109559 -57.04508972167969 2837
1742155112099 -51.12166976928711 2838
1742155114733 -49.124488830566406 2839
1742155119770 -61.62531280517578 2841
1742155122274 -58.47898864746094 2842
1742155124888 -43.591880798339844 2843
1742155127462 -52.3647346496582 2844
1742155130065 -55.154022216796875 2845
1742155132728 -55.20843505859375 2846
1742155135359 -55.556453704833984 2847
1742155138057 -60.132240295410156 2848
1742155143222 -62.28741455078125 2850
1742155145779 -48.39897155761719 2851
1742155148421 -64.44107818603516 2852
1742155153577 -61.1053466796875 2854
1742155156329 -53.606414794921875 2855
1742155161567 -45.196903228759766 2857
1742155164218 -72.52388000488281 2858
1742155167024 -58.53080368041992 2859
1742155172056 -50.606468200683594 2861
1742155174654 -66.17279052734375 2862
1742155177348 -63.42180252075195 2863
1742155179871 -77.58299255371094 2864
1742155185334 -65.9052505493164 2866
1742155188077 -23.522525787353516 2867
1742155190698 -66.61746978759766 2868
1742155193261 -54.806732177734375 2869
1742155196237 -38.06314468383789 2870
1742155198832 -46.13610076904297 2871
1742155201473 -49.63521194458008 2872
1742155204171 -57.62361526489258 2873
1742155206817 -73.8795394897461 2874
1742155209424 -62.210533142089844 2875
1742155211992 -50.83537292480469 2876
1742155214686 -49.13911056518555 2877
1742155217248 -64.62725830078125 2878
1742155219880 -52.571006774902344 2879
1742155222379 -73.59136199951172 2880
1742155225007 -43.190086364746094 2881
1742155227610 -62.41522979736328 2882
1742155230259 -71.94063568115234 2883
1742155232840 -48.4636116027832 2884
1742155235527 -36.58127975463867 2885
1742155238273 -54.91498565673828 2886
1742155241064 -45.35487365722656 2887
1742155243559 -64.2925033569336 2888
1742155246114 -67.03665161132812 2889
1742155248735 -52.590736389160156 2890
1742155251432 -58.990814208984375 2891
1742155254026 -62.69636917114258 2892
1742155256564 -47.13785171508789 2893
1742155259382 -62.074947357177734 2894
1742155264368 -66.38892364501953 2896
1742155266930 -55.62472915649414 2897
1742155269757 -44.360137939453125 2898
1742155274708 -60.28162384033203 2900
1742155277281 -27.657299041748047 2901
1742155280121 -28.245920181274414 2902
1742155282610 -80.16328430175781 2903
1742155287580 -62.73496627807617 2905
1742155290186 -49.01411056518555 2906
1742155292671 -62.82773971557617 2907
1742155295141 -56.667816162109375 2908
1742155297746 -49.17082977294922 2909
1742155300574 -38.170101165771484 2910
1742155305894 -59.4501838684082 2912
1742155308474 -61.51341247558594 2913
1742155311170 -55.698509216308594 2914
1742155316375 -59.7274284362793 2916
1742155319041 -56.527557373046875 2917
1742155321603 -55.844627380371094 2918
1742155324045 -68.94268798828125 2919
1742155326716 -59.61719512939453 2920
1742155329403 -63.146087646484375 2921
1742155332020 -70.1395492553711 2922
1742155334594 -58.40562057495117 2923
1742155337167 -70.60518646240234 2924
1742155339893 -55.70843505859375 2925
1742155342457 -72.04407501220703 2926
1742155345046 -58.742286682128906 2927
1742155347643 -56.72029113769531 2928
1742155350283 -73.08016967773438 2929
1742155355388 -64.48484802246094 2931
1742155358063 -33.67853546142578 2932
1742155360656 -76.2379150390625 2933
1742155363143 -66.8837890625 2934
1742155365724 -52.36386489868164 2935
1742155368347 -62.08872511787449 2936
1742155370884 -34.40946960449219 2937
1742155373377 -50.372833251953125 2938
1742155375865 -58.0269660949707 2939
1742155378468 -71.20889282226562 2940
1742155380940 -64.74082946777344 2941
1742155383405 -55.40514373779297 2942
1742155386125 -66.17711639404297 2943
1742155391103 -54.858741760253906 2945
1742155393599 -72.65152740478516 2946
1742155396452 -37.50248336791992 2947
1742155398975 -64.6216049194336 2948
1742155401563 -23.65395736694336 2949
1742155404109 -53.642398834228516 2950
1742155406850 -63.310302734375 2951
1742155409574 -18.42105484008789 2952
1742155412124 -62.155643463134766 2953
1742155414943 -39.4404296875 2954
1742155420007 -74.67204284667969 2956
1742155422551 -72.2117919921875 2957
1742155425258 -49.828033447265625 2958
1742155430227 26.205342796532726 2960
1742155432902 -67.61216735839844 2961
1742155435498 -55.70030212402344 2962
1742155437972 -69.19354248046875 2963
1742155440445 -57.41952133178711 2964
1742155443026 -57.763885498046875 2965
1742155445604 -40.458717346191406 2966
1742155448063 -61.2883186340332 2967
1742155450551 -50.982948303222656 2968
1742155453082 -50.39246368408203 2969
1742155455751 -56.5288200378418 2970
1742155458318 -74.45018005371094 2971
1742155461010 -68.0453109741211 2972
1742155463486 -71.7025146484375 2973
1742155466119 -42.34104537963867 2974
1742155468767 -44.18072509765625 2975
1742155471320 -62.687747955322266 2976
1742155473896 -54.083866119384766 2977
1742155476568 -57.58936309814453 2978
1742155479194 -57.33604431152344 2979
1742155481833 -22.98651695251465 2980
1742155484413 -46.08869552612305 2981
1742155487219 -57.61054611206055 2982
1742155492274 -57.353973388671875 2984
1742155494832 -57.19791793823242 2985
1742155497558 -70.5094985961914 2986
1742155500050 -72.19438171386719 2987
1742155504947 -71.2048568725586 2989
1742155507698 -54.236637115478516 2990
1742155510304 -21.055410385131836 2991
1742155512819 -70.96465301513672 2992
1742155515524 -56.10801696777344 2993
1742155518090 -71.56283569335938 2994
1742155523321 -68.30648040771484 2996
1742155526090 -55.9459228515625 2997
1742155528703 -51.81900405883789 2998
1742155533706 -75.74449157714844 3000
1742155536462 -59.81547164916992 3001
1742155544221 -67.45622253417969 3004
1742155547010 -57.12470626831055 3005
1742155554493 -61.270530700683594 3008
1742155557440 -33.83730479860576 3009
1742155562379 -63.19023132324219 3011
1742155565171 -66.23461151123047 3012
1742155567827 -67.97673034667969 3013
1742155572886 -62.003928512349354 3015
1742155575730 -57.5816764831543 3016
1742155578282 -54.7829704284668 3017
1742155583379 -56.770240783691406 3019
1742155586100 -65.64983367919922 3020
1742155591251 -73.73146057128906 3022
1742155593858 -68.86148071289062 3023
1742155596649 -67.24514770507812 3024
1742155601760 -59.75869369506836 3026
1742155604439 -62.304256439208984 3027
1742155606971 -66.25074768066406 3028
1742155611898 -63.765708923339844 3030
1742155614581 -63.88628387451172 3031
1742155617102 -59.10281753540039 3032
1742155622220 -59.26181411743164 3034
1742155624873 -58.377811431884766 3035
1742155627437 -75.35567474365234 3036
1742155630003 -74.0478515625 3037
1742155632614 -64.44644165039062 3038
1742155635236 -59.10661315917969 3039
1742155637773 -62.537899017333984 3040
1742155640318 -56.87027359008789 3041
1742155643000 -62.09067916870117 3042
1742155645665 -47.79587936401367 3043
1742155650861 -48.28496551513672 3045
1742155653506 -60.919952392578125 3046
1742155656188 -53.75120544433594 3047
1742155658787 -57.251380920410156 3048
1742155661320 -68.92861938476562 3049
1742155663917 -49.21844482421875 3050
1742155666534 -55.05098279007155 3051
1742155669107 -65.78787231445312 3052
1742155671745 -69.81285095214844 3053
1742155674300 -69.07476806640625 3054
1742155676966 -19.285877227783203 3055
1742155679493 -71.30261993408203 3056
1742155682183 -74.6947021484375 3057
1742155684784 -47.35566329956055 3058
1742155690113 -64.28758239746094 3060
1742155695243 -59.944358825683594 3062
1742155697833 -56.123653411865234 3063
1742155700700 -34.50917434692383 3064
1742155705930 -57.52611541748047 3066
1742155708561 -69.22677612304688 3067
1742155711188 -31.59838104248047 3068
1742155716441 -26.236881256103516 3070
1742155719083 -56.944210052490234 3071
1742155721609 -75.80841064453125 3072
1742155726776 -57.14384841918945 3074
1742155729581 -32.877105712890625 3075
1742155734790 -29.815536499023438 3077
1742155737479 -58.52533721923828 3078
1742155740291 -29.61866569519043 3079
1742155745616 -68.08191680908203 3081
1742155748256 -54.361045837402344 3082
1742155751081 -35.09995651245117 3083
1742155753665 -59.641082763671875 3084
1742155756410 -55.907203674316406 3085
1742155758975 -65.73885345458984 3086
1742155761564 -50.188236236572266 3087
1742155764141 -60.26311492919922 3088
1742155766847 -56.99707794189453 3089
1742155769432 -51.14745330810547 3090
1742155772013 -56.429595947265625 3091
1742155774746 -68.01016235351562 3092
1742155777630 -61.572792053222656 3093
1742155780360 -60.73064422607422 3094
1742155782932 -65.51831817626953 3095
1742155785552 -51.34076690673828 3096
1742155787941 -52.006492614746094 3097
1742155793055 -64.1838607788086 3099
1742155795704 -68.11372375488281 3100
1742155798206 -61.51209259033203 3101
