1742070092505 6.866454782539222e-08 0
1742070095321 3.509521562250484e-08 1
1742070098436 3.50952149119621e-07 2
1742070101590 1.6174315931039018e-07 3
1742070104463 1.098632793627985e-07 4
1742070107502 1.5258788721439487e-07 5
1742070110785 -7.934570334100499e-08 6
1742070113663 1.663208024638152e-07 7
1742070116870 -4.852295205637347e-07 8
1742070120059 4.577636758540393e-08 9
1742070122993 -5.493163968139925e-08 10
1742070125945 6.713867151120212e-08 11
1742070129267 -3.50952149119621e-07 12
1742070132080 -1.8615722296999593e-07 13
1742070135038 1.201629640235069e-08 14
1742070138423 -1.4343261511839955e-07 15
1742070141265 2.227783255648319e-07 16
1742070144146 1.3122559039402404e-07 17
1742070147646 -5.126952942191565e-07 18
1742070150532 1.4648438195763447e-07 19
