1742483776336 0.95 0
1742483785978 0.9025 1
1742483795897 0.8573749999999999 2
1742483805666 0.8145062499999999 3
1742483815588 0.7737809374999999 4
1742483825263 0.7350918906249998 5
1742483835022 0.6983372960937497 6
1742483844489 0.6634204312890623 7
1742483853676 0.6302494097246091 8
1742483863947 0.5987369392383786 9
1742483873266 0.5688000922764596 10
1742483882756 0.5403600876626365 11
1742483892107 0.5133420832795047 12
1742483901463 0.48767497911552943 13
1742483910791 0.46329123015975293 14
1742483920101 0.44012666865176525 15
1742483929770 0.41812033521917696 16
1742483939382 0.3972143184582181 17
1742483939993 0.37735360253530714 18
