1742483776336 -20.706104278564453 0
1742483785978 -3.306015968322754 1
1742483795897 -6.060904502868652 2
1742483805666 17.26622772216797 3
1742483815588 15.606666564941406 4
1742483825263 -7.080013751983643 5
1742483835022 11.46591567993164 6
1742483844489 -10.486762046813965 7
1742483853676 12.249608993530273 8
1742483863947 -11.001922607421875 9
1742483873266 -39.46794509887695 10
1742483882756 20.985734939575195 11
1742483892107 -28.88764762878418 12
1742483901463 -10.917311668395996 13
1742483910791 2.2182486057281494 14
1742483920101 -23.248470306396484 15
1742483929770 17.77839469909668 16
1742483939382 2.264984130859375 17
1742483939993 nan 18
