1742483776336 -0.151081681298028 0
1742483785978 -0.16123072285459222 1
1742483795897 -0.24219865025828943 2
1742483805666 -0.17113599012270925 3
1742483815588 -0.22809176920154647 4
1742483825263 -0.1826327614165399 5
1742483835022 -0.2058501078296441 6
1742483844489 -0.20021590619964452 7
1742483853676 -0.1664251888324241 8
1742483863947 -0.21020301865337346 9
1742483873266 -0.14704834139881087 10
1742483882756 -0.15685216157293155 11
1742483892107 -0.2315856248593086 12
1742483901463 -0.24151049603490576 13
1742483910791 -0.18666538276563477 14
1742483920101 -0.21765075817917104 15
1742483929770 -0.21584403122361906 16
1742483939382 -0.17464441120997476 17
1742483939993 9.881573417185042 18
