1742483776336 -45.324504389408396 0
1742483785978 -48.36921685637767 1
1742483795897 -72.65959507748683 2
1742483805666 -51.34079703681277 3
1742483815588 -68.42753076046394 4
1742483825263 -54.78982842496197 5
1742483835022 -61.75503234889323 6
1742483844489 -60.064771859893355 7
1742483853676 -49.92755664972723 8
1742483863947 -63.06090559601204 9
1742483873266 -44.114502419643266 10
1742483882756 -47.055648471879465 11
1742483892107 -69.47568745779257 12
1742483901463 -72.45314881047173 13
1742483910791 -55.99961482969043 14
1742483920101 -65.29522745375131 15
1742483929770 -64.75320936708572 16
1742483939382 -52.393323362992426 17
1742483939993 9.881573417185042 18
