1742740774256 1.0 0
1742740780733 0.98 1
1742740787319 0.9603999999999999 2
1742740794031 0.9411919999999999 3
1742740799675 0.9223681599999999 4
1742740804925 0.9039207967999998 5
1742740811709 0.8858423808639998 6
1742740818289 0.8681255332467198 7
1742740825138 0.8507630225817854 8
1742740832210 0.8337477621301497 9
1742740838463 0.8170728068875467 10
1742740844608 0.8007313507497957 11
1742740850974 0.7847167237347998 12
1742740857408 0.7690223892601038 13
1742740861998 0.7536419414749017 14
1742740868607 0.7385691026454037 15
1742740875232 0.7237977205924956 16
1742740881876 0.7093217661806457 17
1742740888323 0.6951353308570327 18
1742740894748 0.6812326242398921 19
1742740901552 0.6676079717550942 20
1742740905942 0.6542558123199923 21
1742740911913 0.6411706960735924 22
1742740918454 0.6283472821521205 23
1742740925302 0.6157803365090782 24
1742740932173 0.6034647297788965 25
1742740937542 0.5913954351833186 26
1742740944679 0.5795675264796523 27
1742740951299 0.5679761759500592 28
1742740958098 0.5566166524310581 29
1742740964994 0.5454843193824369 30
1742740971602 0.5345746329947881 31
1742740978200 0.5238831403348924 32
1742740982838 0.5134054775281945 33
1742740989198 0.5031373679776306 34
1742740995574 0.493074620618078 35
1742741000867 0.48321312820571644 36
1742741007386 0.4735488656416021 37
1742741014059 0.46407788832877006 38
1742741020996 0.45479633056219465 39
1742741028154 0.44570040395095073 40
1742741035156 0.4367863958719317 41
1742741041883 0.42805066795449304 42
1742741048660 0.41948965459540316 43
1742741055475 0.4110998615034951 44
1742741062365 0.4028778642734252 45
1742741068967 0.39482030698795667 46
1742741073252 0.38692390084819756 47
1742741079990 0.3791854228312336 48
1742741086663 0.37160171437460887 49
1742741091048 0.3641696800871167 50
1742741098055 0.35688628648537435 51
1742741104984 0.34974856075566685 52
1742741112464 0.3427535895405535 53
1742741119686 0.33589851774974244 54
1742741125075 0.3291805473947476 55
1742741130241 0.32259693644685267 56
1742741135571 0.3161449977179156 57
1742741142331 0.3098220977635573 58
1742741146848 0.30362565580828615 59
1742741153723 0.2975531426921204 60
1742741159892 0.291602079838278 61
1742741166659 0.2857700382415124 62
1742741173673 0.2800546374766822 63
1742741180325 0.27445354472714856 64
1742741187261 0.2689644738326056 65
1742741193807 0.26358518435595346 66
1742741200569 0.25831348066883436 67
1742741204777 0.2531472110554577 68
1742741211391 0.24808426683434853 69
1742741218120 0.24312258149766156 70
1742741224484 0.2382601298677083 71
1742741231176 0.23349492727035415 72
1742741237060 0.22882502872494706 73
1742741243960 0.22424852815044813 74
1742741250603 0.21976355758743915 75
1742741257290 0.21536828643569036 76
1742741263535 0.21106092070697655 77
1742741270418 0.20683970229283702 78
1742741277174 0.20270290824698028 79
1742741282162 0.19864885008204067 80
1742741288821 0.19467587308039985 81
1742741295900 0.19078235561879187 82
1742741302695 0.18696670850641603 83
1742741309615 0.18322737433628772 84
1742741316815 0.17956282684956196 85
1742741323503 0.1759715703125707 86
1742741330187 0.1724521389063193 87
1742741334718 0.16900309612819292 88
1742741341384 0.16562303420562907 89
1742741347907 0.16231057352151648 90
1742741354576 0.15906436205108615 91
1742741361443 0.15588307481006441 92
1742741368171 0.15276541331386312 93
1742741374819 0.14971010504758586 94
1742741380486 0.14671590294663414 95
1742741386910 0.14378158488770146 96
1742741393658 0.14090595318994742 97
1742741399306 0.13808783412614847 98
1742741404421 0.13532607744362551 99
1742741411377 0.132619555894753 100
1742741415706 0.12996716477685794 101
1742741422273 0.12736782148132078 102
1742741428758 0.12482046505169436 103
1742741433557 0.12232405575066048 104
1742741440187 0.11987757463564727 105
1742741446854 0.11748002314293432 106
1742741453682 0.11513042268007563 107
1742741460381 0.11282781422647412 108
1742741467213 0.11057125794194463 109
1742741473973 0.10835983278310574 110
1742741480318 0.10619263612744362 111
1742741486994 0.10406878340489474 112
1742741492693 0.10198740773679685 113
1742741499335 0.09994765958206091 114
1742741506237 0.0979487063904197 115
1742741512982 0.0959897322626113 116
1742741519591 0.09406993761735907 117
1742741524110 0.0921885388650119 118
1742741530795 0.09034476808771166 119
1742741537608 0.08853787272595742 120
1742741544264 0.08676711527143827 121
1742741549281 0.0850317729660095 122
1742741556364 0.08333113750668932 123
1742741563157 0.08166451475655553 124
1742741569373 0.08003122446142442 125
1742741576047 0.07843059997219594 126
1742741582695 0.07686198797275202 127
1742741589419 0.07532474821329699 128
1742741595713 0.07381825324903105 129
1742741601408 0.07234188818405042 130
1742741607354 0.07089505042036941 131
1742741614091 0.06947714941196202 132
1742741620262 0.06808760642372277 133
1742741627139 0.06672585429524831 134
1742741633838 0.06539133720934334 135
1742741640450 0.06408351046515648 136
1742741647211 0.06280184025585335 137
1742741652506 0.061545803450736285 138
1742741658903 0.060314887381721555 139
1742741665492 0.05910858963408712 140
1742741670967 0.05792641784140538 141
1742741676871 0.05676788948457727 142
1742741683681 0.055632531694885724 143
1742741689992 0.054519881060988006 144
1742741696350 0.05342948343976824 145
1742741703462 0.052360893770972874 146
1742741709914 0.05131367589555342 147
1742741716128 0.05028740237764235 148
1742741721863 0.0492816543300895 149
1742741728472 0.04829602124348771 150
1742741734188 0.04733010081861796 151
1742741739754 0.0463834988022456 152
1742741745824 0.04545582882620069 153
1742741752967 0.04454671224967667 154
1742741759070 0.043655778004683135 155
1742741765632 0.04278266244458947 156
1742741772660 0.04192700919569768 157
1742741779128 0.04108846901178373 158
1742741785588 0.04026669963154805 159
1742741791298 0.03946136563891709 160
1742741797893 0.03867213832613875 161
1742741803378 0.037898695559615975 162
1742741810326 0.03714072164842366 163
1742741817225 0.03639790721545518 164
1742741822898 0.035669949071146075 165
1742741829779 0.034956550089723155 166
1742741836846 0.03425741908792869 167
1742741843344 0.03357227070617012 168
1742741848302 0.032900825292046715 169
1742741855120 0.03224280878620578 170
1742741861754 0.031597952610481664 171
1742741866313 0.03096599355827203 172
1742741872379 0.030346673687106588 173
1742741878666 0.029739740213364455 174
1742741885693 0.029144945409097164 175
1742741892080 0.02856204650091522 176
1742741899586 0.027990805570896914 177
1742741906476 0.027430989459478975 178
1742741910663 0.026882369670289397 179
1742741917439 0.026344722276883607 180
1742741924094 0.025817827831345935 181
1742741930587 0.025301471274719014 182
1742741937089 0.024795441849224633 183
1742741943540 0.02429953301224014 184
1742741950073 0.02381354235199534 185
1742741957126 0.02333727150495543 186
1742741963554 0.02287052607485632 187
1742741968886 0.022413115553359196 188
1742741975390 0.021964853242292012 189
1742741982184 0.02152555617744617 190
1742741988709 0.021095045053897248 191
1742741994574 0.020673144152819303 192
1742742000938 0.02025968126976292 193
1742742007024 0.01985448764436766 194
1742742011662 0.019457397891480308 195
1742742018101 0.0190682499336507 196
1742742023979 0.018686884934977686 197
1742742030014 0.01831314723627813 198
1742742037633 0.017946884291552567 199
1742742041975 0.017587946605721515 200
1742742048412 0.017236187673607083 201
1742742055025 0.016891463920134943 202
1742742061507 0.016553634641732245 203
1742742068751 0.0162225619488976 204
1742742075515 0.015898110709919647 205
1742742082459 0.015580148495721254 206
1742742088936 0.015268545525806828 207
1742742095544 0.014963174615290691 208
1742742102529 0.014663911122984877 209
1742742107997 0.01437063290052518 210
1742742115388 0.014083220242514675 211
1742742120750 0.013801555837664382 212
1742742127097 0.013525524720911095 213
1742742133084 0.013255014226492874 214
1742742139271 0.012989913941963017 215
1742742146349 0.012730115663123756 216
1742742152736 0.012475513349861281 217
1742742158139 0.012226003082864055 218
1742742164596 0.011981483021206774 219
1742742170934 0.011741853360782638 220
1742742177519 0.011507016293566985 221
1742742184062 0.011276875967695645 222
1742742190624 0.011051338448341731 223
1742742197319 0.010830311679374895 224
1742742203735 0.010613705445787398 225
1742742210309 0.01040143133687165 226
1742742216961 0.010193402710134216 227
1742742223499 0.009989534655931531 228
1742742230499 0.0097897439628129 229
1742742237126 0.009593949083556642 230
1742742242829 0.009402070101885509 231
1742742249545 0.009214028699847799 232
1742742256117 0.009029748125850843 233
1742742261764 0.008849153163333826 234
1742742267257 0.008672170100067149 235
1742742273864 0.008498726698065806 236
1742742279971 0.00832875216410449 237
1742742286564 0.0081621771208224 238
1742742293217 0.007998933578405951 239
1742742299907 0.007838954906837833 240
1742742306813 0.007682175808701076 241
1742742312847 0.007528532292527055 242
1742742319245 0.007377961646676513 243
1742742324601 0.007230402413742983 244
1742742331366 0.007085794365468123 245
1742742338020 0.00694407847815876 246
1742742344787 0.0068051969085955845 247
1742742351568 0.006669092970423673 248
1742742356941 0.006535711111015199 249
1742742364004 0.006404996888794895 250
1742742370559 0.006276896951018997 251
1742742376172 0.006151359011998617 252
1742742382565 0.006028331831758644 253
1742742389316 0.005907765195123471 254
1742742395846 0.005789609891221002 255
1742742402741 0.005673817693396582 256
1742742409302 0.00556034133952865 257
1742742415201 0.005449134512738076 258
1742742420156 0.0053401518224833145 259
1742742427308 0.005233348786033648 260
1742742432960 0.005128681810312975 261
1742742437439 0.005026108174106716 262
1742742443931 0.004925586010624581 263
1742742450595 0.004827074290412089 264
1742742457132 0.004730532804603847 265
1742742463662 0.00463592214851177 266
1742742470235 0.004543203705541535 267
1742742476518 0.004452339631430704 268
1742742482965 0.00436329283880209 269
1742742489575 0.004276026982026048 270
1742742496097 0.004190506442385527 271
1742742502375 0.004106696313537816 272
1742742507868 0.00402456238726706 273
1742742513237 0.003944071139521719 274
1742742519602 0.0038651897167312848 275
1742742526713 0.003787885922396659 276
1742742531137 0.003712128203948726 277
1742742537490 0.0036378856398697514 278
1742742541897 0.0035651279270723563 279
1742742548746 0.0034938253685309092 280
1742742555338 0.003423948861160291 281
1742742562076 0.0033554698839370852 282
1742742568993 0.0032883604862583436 283
1742742575832 0.0032225932765331767 284
1742742582129 0.003158141411002513 285
1742742588678 0.003094978582782463 286
1742742593560 0.0030330790111268136 287
1742742600864 0.0029724174309042773 288
1742742607391 0.002912969082286192 289
1742742613332 0.002854709700640468 290
1742742619693 0.0027976155066276585 291
1742742624468 0.0027416631964951054 292
1742742631352 0.0026868299325652034 293
1742742637775 0.002633093333913899 294
1742742644230 0.002580431467235621 295
1742742649999 0.0025288228378909086 296
1742742656509 0.0024782463811330903 297
1742742663226 0.0024286814535104282 298
1742742668747 0.0023801078244402194 299
1742742675162 0.002332505667951415 300
1742742681766 0.0022858555545923866 301
1742742686051 0.002240138443500539 302
1742742692025 0.002195335674630528 303
1742742698663 0.0021514289611379175 304
1742742705310 0.002108400381915159 305
1742742711029 0.002066232374276856 306
1742742716242 0.002024907726791319 307
1742742722441 0.0019844095722554925 308
1742742727968 0.0019447213808103825 309
1742742733614 0.0019058269531941749 310
1742742740271 0.0018677104141302913 311
1742742746568 0.0018303562058476855 312
1742742752958 0.0017937490817307316 313
1742742759590 0.001757874100096117 314
1742742766170 0.0017227166180941945 315
1742742772722 0.0016882622857323107 316
1742742779423 0.0016544970400176645 317
1742742785899 0.0016214070992173113 318
1742742792443 0.001588978957232965 319
1742742799341 0.0015571993780883057 320
1742742805838 0.0015260553905265396 321
1742742811924 0.0014955342827160088 322
1742742818785 0.0014656235970616886 323
1742742822848 0.0014363111251204548 324
1742742829443 0.0014075849026180458 325
1742742836374 0.001379433204565685 326
1742742842860 0.0013518445404743713 327
1742742849641 0.0013248076496648838 328
1742742855834 0.0012983114966715861 329
1742742862614 0.0012723452667381544 330
1742742867990 0.0012468983614033913 331
1742742874482 0.0012219603941753235 332
1742742879991 0.001197521186291817 333
1742742886686 0.0011735707625659807 334
1742742891611 0.001150099347314661 335
1742742898515 0.0011270973603683678 336
1742742905159 0.0011045554131610005 337
1742742911191 0.0010824643048977804 338
1742742917611 0.0010608150187998249 339
1742742922972 0.0010395987184238283 340
1742742927833 0.0010188067440553518 341
1742742934320 0.0009984306091742447 342
1742742940884 0.0009784619969907598 343
1742742947464 0.0009588927570509446 344
1742742953754 0.0009397149019099258 345
1742742960307 0.0009209206038717272 346
1742742966747 0.0009025021917942927 347
1742742973284 0.0008844521479584068 348
1742742979589 0.0008667631049992387 349
1742742983632 0.0008494278428992539 350
1742742990057 0.0008324392860412688 351
1742742996807 0.0008157905003204434 352
1742743003379 0.0007994746903140346 353
1742743009385 0.0007834851965077539 354
1742743016356 0.0007678154925775988 355
1742743022854 0.0007524591827260468 356
1742743029891 0.0007374099990715259 357
1742743036500 0.0007226617990900954 358
1742743042819 0.0007082085631082935 359
1742743047235 0.0006940443918461276 360
1742743053738 0.000680163504009205 361
1742743060813 0.000666560233929021 362
1742743067527 0.0006532290292504406 363
1742743074341 0.0006401644486654318 364
1742743079882 0.0006273611596921231 365
1742743086230 0.0006148139364982807 366
1742743093291 0.0006025176577683151 367
1742743099850 0.0005904673046129488 368
1742743106387 0.0005786579585206898 369
1742743112796 0.000567084799350276 370
1742743119270 0.0005557431033632705 371
1742743124387 0.000544628241296005 372
1742743130316 0.0005337356764700849 373
1742743136965 0.0005230609629406832 374
1742743143722 0.0005125997436818695 375
1742743149256 0.0005023477488082321 376
1742743154386 0.0004923007938320674 377
1742743160132 0.0004824547779554261 378
1742743166597 0.0004728056823963176 379
1742743173375 0.0004633495687483912 380
1742743179803 0.0004540825773734234 381
1742743186424 0.00044500092582595494 382
1742743191844 0.00043610090730943584 383
1742743198664 0.0004273788891632471 384
1742743205399 0.00041883131137998217 385
1742743212160 0.0004104546851523825 386
1742743217736 0.00040224559144933484 387
1742743224605 0.00039420067962034816 388
1742743231048 0.0003863166660279412 389
1742743237519 0.00037859033270738236 390
1742743244468 0.0003710185260532347 391
1742743250078 0.00036359815553217 392
1742743256614 0.0003563261924215266 393
1742743263019 0.00034919966857309604 394
1742743270014 0.0003422156752016341 395
1742743277002 0.00033537136169760145 396
1742743281753 0.0003286639344636494 397
1742743287308 0.0003220906557743764 398
1742743293822 0.00031564884265888887 399
1742743300747 0.0003093358658057111 400
1742743306707 0.0003031491484895969 401
1742743312486 0.00029708616551980496 402
1742743319299 0.00029114444220940886 403
1742743325186 0.00028532155336522067 404
1742743331929 0.00027961512229791625 405
1742743338511 0.00027402281985195793 406
1742743345161 0.00026854236345491875 407
1742743352247 0.00026317151618582036 408
1742743358820 0.00025790808586210394 409
1742743365249 0.00025274992414486185 410
1742743371729 0.00024769492566196463 411
1742743378151 0.00024274102714872534 412
1742743384626 0.00023788620660575082 413
1742743391678 0.0002331284824736358 414
1742743398272 0.0002284659128241631 415
1742743402328 0.00022389659456767983 416
1742743409160 0.00021941866267632623 417
1742743415693 0.0002150302894227997 418
1742743422670 0.0002107296836343437 419
1742743428203 0.00020651508996165683 420
1742743434635 0.00020238478816242368 421
1742743441145 0.0001983370923991752 422
1742743448128 0.0001943703505511917 423
1742743454589 0.00019048294354016786 424
1742743461317 0.0001866732846693645 425
1742743467554 0.0001829398189759772 426
1742743474458 0.00017928102259645766 427
1742743481049 0.0001756954021445285 428
1742743486893 0.00017218149410163792 429
1742743493379 0.00016873786421960516 430
1742743500067 0.00016536310693521307 431
1742743506716 0.0001620558447965088 432
1742743513981 0.0001588147279005786 433
1742743521026 0.00015563843334256703 434
1742743527922 0.00015252566467571568 435
1742743534679 0.00014947515138220136 436
1742743541255 0.00014648564835455732 437
1742743547983 0.00014355593538746618 438
1742743554598 0.00014068481667971685 439
1742743559697 0.00013787112034612252 440
1742743566260 0.00013511369793920008 441
1742743572977 0.00013241142398041607 442
1742743579734 0.00012976319550080776 443
1742743585503 0.0001271679315907916 444
1742743592403 0.00012462457295897575 445
1742743598164 0.00012213208149979623 446
1742743605038 0.0001196894398698003 447
1742743611578 0.00011729565107240429 448
1742743617458 0.0001149497380509562 449
1742743624095 0.00011265074328993709 450
1742743630742 0.00011039772842413834 451
1742743637339 0.00010818977385565557 452
1742743643842 0.00010602597837854246 453
1742743649609 0.00010390545881097161 454
1742743655289 0.00010182734963475218 455
1742743661933 9.979080264205714e-05 456
1742743667939 9.7794986589216e-05 457
1742743674957 9.583908685743168e-05 458
1742743681716 9.392230512028304e-05 459
1742743686194 9.204385901787738e-05 460
1742743693055 9.020298183751983e-05 461
1742743699641 8.839892220076943e-05 462
1742743706141 8.663094375675404e-05 463
1742743712694 8.489832488161895e-05 464
1742743719320 8.320035838398657e-05 465
1742743725927 8.153635121630684e-05 466
1742743732428 7.99056241919807e-05 467
1742743739271 7.830751170814108e-05 468
1742743746298 7.674136147397825e-05 469
1742743752193 7.520653424449868e-05 470
1742743758466 7.370240355960871e-05 471
1742743764917 7.222835548841654e-05 472
1742743770983 7.07837883786482e-05 473
1742743777312 6.936811261107524e-05 474
1742743783332 6.798075035885373e-05 475
1742743790186 6.662113535167666e-05 476
1742743796064 6.528871264464312e-05 477
1742743802645 6.398293839175025e-05 478
1742743809123 6.270327962391525e-05 479
1742743815072 6.144921403143694e-05 480
1742743821876 6.0220229750808205e-05 481
1742743828459 5.901582515579204e-05 482
1742743835377 5.78355086526762e-05 483
1742743841974 5.6678798479622674e-05 484
1742743848899 5.554522251003022e-05 485
1742743853051 5.4434318059829614e-05 486
1742743859699 5.334563169863302e-05 487
1742743866216 5.2278719064660364e-05 488
1742743872488 5.123314468336716e-05 489
1742743878978 5.0208481789699815e-05 490
1742743885558 4.920431215390582e-05 491
1742743892003 4.82202259108277e-05 492
1742743897109 4.725582139261114e-05 493
1742743903694 4.631070496475892e-05 494
1742743910404 4.538449086546374e-05 495
1742743917086 4.4476801048154464e-05 496
1742743922331 4.358726502719138e-05 497
1742743928237 4.271551972664755e-05 498
1742743934320 4.1861209332114595e-05 499
1742743940919 4.10239851454723e-05 500
1742743946880 4.020350544256286e-05 501
1742743953297 3.9399435333711604e-05 502
1742743959736 3.861144662703737e-05 503
1742743966352 3.783921769449662e-05 504
1742743972930 3.7082433340606686e-05 505
1742743979452 3.634078467379455e-05 506
1742743986211 3.561396898031866e-05 507
1742743992803 3.4901689600712285e-05 508
1742743997915 3.420365580869804e-05 509
1742744004834 3.351958269252408e-05 510
1742744010788 3.28491910386736e-05 511
1742744016058 3.2192207217900126e-05 512
1742744021166 3.154836307354212e-05 513
1742744027463 3.091739581207128e-05 514
1742744034094 3.0299047895829852e-05 515
1742744040813 2.9693066937913256e-05 516
1742744047441 2.909920559915499e-05 517
1742744053891 2.851722148717189e-05 518
1742744060695 2.7946877057428453e-05 519
1742744067255 2.7387939516279882e-05 520
1742744073790 2.6840180725954283e-05 521
1742744080440 2.6303377111435197e-05 522
1742744087004 2.5777309569206492e-05 523
1742744093460 2.526176337782236e-05 524
1742744099270 2.4756528110265915e-05 525
1742744104420 2.4261397548060596e-05 526
1742744111060 2.3776169597099382e-05 527
1742744117523 2.3300646205157395e-05 528
1742744124129 2.2834633281054246e-05 529
1742744130996 2.237794061543316e-05 530
1742744137602 2.1930381803124498e-05 531
1742744144283 2.1491774167062008e-05 532
1742744149251 2.1061938683720766e-05 533
1742744155996 2.064069991004635e-05 534
1742744162798 2.0227885911845424e-05 535
1742744169842 1.9823328193608513e-05 536
1742744176533 1.9426861629736343e-05 537
1742744182052 1.9038324397141615e-05 538
1742744188160 1.8657557909198784e-05 539
1742744194507 1.8284406751014807e-05 540
1742744201404 1.791871861599451e-05 541
1742744208418 1.756034424367462e-05 542
1742744215102 1.7209137358801126e-05 543
1742744221458 1.6864954611625103e-05 544
1742744228038 1.6527655519392602e-05 545
1742744234334 1.619710240900475e-05 546
1742744241090 1.5873160360824654e-05 547
1742744247590 1.555569715360816e-05 548
1742744254130 1.5244583210535997e-05 549
1742744260673 1.4939691546325278e-05 550
1742744265092 1.4640897715398771e-05 551
1742744271436 1.4348079761090796e-05 552
1742744278161 1.406111816586898e-05 553
1742744283678 1.37798958025516e-05 554
1742744290173 1.3504297886500567e-05 555
1742744295707 1.3234211928770556e-05 556
1742744302679 1.2969527690195145e-05 557
1742744308773 1.2710137136391243e-05 558
1742744314613 1.2455934393663418e-05 559
1742744321144 1.2206815705790148e-05 560
1742744328386 1.1962679391674344e-05 561
1742744334897 1.1723425803840857e-05 562
1742744340238 1.148895728776404e-05 563
1742744346767 1.1259178142008759e-05 564
1742744353460 1.1033994579168583e-05 565
1742744359645 1.081331468758521e-05 566
1742744366721 1.0597048393833507e-05 567
1742744373165 1.0385107425956836e-05 568
1742744380300 1.0177405277437699e-05 569
1742744386887 9.973857171888945e-06 570
1742744393402 9.774380028451165e-06 571
1742744399404 9.578892427882141e-06 572
1742744405982 9.387314579324499e-06 573
1742744412653 9.199568287738009e-06 574
1742744419164 9.015576921983249e-06 575
1742744424940 8.835265383543584e-06 576
1742744430963 8.658560075872711e-06 577
1742744437723 8.485388874355258e-06 578
1742744443896 8.315681096868152e-06 579
1742744450570 8.149367474930789e-06 580
1742744457681 7.986380125432173e-06 581
1742744464110 7.82665252292353e-06 582
1742744471170 7.67011947246506e-06 583
1742744477993 7.516717083015758e-06 584
1742744484352 7.366382741355442e-06 585
1742744489721 7.219055086528333e-06 586
1742744496204 7.074673984797767e-06 587
1742744502727 6.9331805051018115e-06 588
1742744509291 6.7945168949997754e-06 589
1742744515696 6.658626557099779e-06 590
1742744522304 6.525454025957783e-06 591
1742744528272 6.394944945438628e-06 592
1742744533434 6.267046046529855e-06 593
1742744539706 6.141705125599258e-06 594
1742744546736 6.018871023087273e-06 595
1742744553340 5.898493602625528e-06 596
1742744560075 5.780523730573017e-06 597
1742744566739 5.664913255961557e-06 598
1742744573606 5.551614990842326e-06 599
1742744579954 5.44058269102548e-06 600
1742744586432 5.33177103720497e-06 601
1742744591701 5.225135616460871e-06 602
1742744598097 5.120632904131654e-06 603
1742744605074 5.018220246049021e-06 604
1742744611488 4.91785584112804e-06 605
1742744616562 4.819498724305479e-06 606
1742744624032 4.72310874981937e-06 607
1742744631007 4.628646574822982e-06 608
1742744637670 4.536073643326523e-06 609
1742744642457 4.445352170459992e-06 610
1742744648938 4.356445127050792e-06 611
1742744655596 4.269316224509776e-06 612
1742744662136 4.18392990001958e-06 613
1742744668662 4.100251302019189e-06 614
1742744675288 4.018246275978805e-06 615
1742744680006 3.937881350459229e-06 616
1742744686789 3.8591237234500445e-06 617
1742744693140 3.7819412489810436e-06 618
1742744700060 3.7063024240014225e-06 619
1742744706643 3.6321763755213938e-06 620
1742744713397 3.559532848010966e-06 621
1742744718549 3.4883421910507466e-06 622
1742744725961 3.4185753472297317e-06 623
1742744732557 3.3502038402851368e-06 624
1742744739113 3.283199763479434e-06 625
1742744744898 3.2175357682098455e-06 626
1742744751853 3.1531850528456486e-06 627
1742744758896 3.0901213517887354e-06 628
1742744764933 3.0283189247529605e-06 629
1742744771608 2.9677525462579014e-06 630
1742744778152 2.9083974953327432e-06 631
1742744784674 2.8502295454260882e-06 632
1742744791575 2.7932249545175662e-06 633
1742744796524 2.7373604554272147e-06 634
1742744803697 2.6826132463186702e-06 635
1742744810152 2.628960981392297e-06 636
1742744816720 2.576381761764451e-06 637
1742744823466 2.524854126529162e-06 638
1742744829899 2.4743570439985787e-06 639
1742744837048 2.424869903118607e-06 640
1742744843616 2.376372505056235e-06 641
1742744849933 2.3288450549551103e-06 642
1742744856845 2.2822681538560083e-06 643
1742744861976 2.236622790778888e-06 644
1742744868018 2.1918903349633103e-06 645
1742744874414 2.148052528264044e-06 646
1742744880077 2.105091477698763e-06 647
1742744886761 2.0629896481447877e-06 648
1742744893378 2.021729855181892e-06 649
1742744900096 1.981295258078254e-06 650
1742744906371 1.941669352916689e-06 651
1742744913047 1.9028359658583552e-06 652
1742744918991 1.864779246541188e-06 653
1742744924140 1.8274836616103643e-06 654
1742744930815 1.790933988378157e-06 655
1742744937688 1.7551153086105938e-06 656
1742744944444 1.7200130024383819e-06 657
1742744950962 1.6856127423896143e-06 658
1742744958047 1.651900487541822e-06 659
1742744964703 1.6188624777909854e-06 660
1742744970851 1.5864852282351657e-06 661
1742744977431 1.5547555236704624e-06 662
1742744984320 1.523660413197053e-06 663
1742744990984 1.493187204933112e-06 664
1742744997491 1.4633234608344496e-06 665
1742745004149 1.4340569916177607e-06 666
1742745011039 1.4053758517854055e-06 667
1742745017350 1.3772683347496973e-06 668
1742745024186 1.3497229680547034e-06 669
1742745030825 1.3227285086936094e-06 670
1742745037496 1.2962739385197372e-06 671
1742745041992 1.2703484597493424e-06 672
1742745048502 1.2449414905543554e-06 673
1742745055074 1.2200426607432684e-06 674
1742745061587 1.195641807528403e-06 675
1742745068268 1.171728971377835e-06 676
1742745074926 1.1482943919502784e-06 677
1742745081863 1.1253285041112727e-06 678
1742745086513 1.1028219340290473e-06 679
1742745092943 1.0807654953484664e-06 680
1742745099608 1.059150185441497e-06 681
1742745106272 1.037967181732667e-06 682
1742745112823 1.0172078380980138e-06 683
1742745119535 9.968636813360536e-07 684
1742745124133 9.769264077093324e-07 685
1742745130064 9.573878795551457e-07 686
1742745136412 9.382401219640427e-07 687
1742745142894 9.194753195247619e-07 688
1742745147862 9.010858131342666e-07 689
1742745154612 8.830640968715813e-07 690
1742745161261 8.654028149341496e-07 691
1742745168336 8.480947586354666e-07 692
1742745175290 8.311328634627572e-07 693
1742745182028 8.145102061935021e-07 694
1742745188505 7.98220002069632e-07 695
1742745195154 7.822556020282393e-07 696
1742745201749 7.666104899876745e-07 697
1742745208537 7.51278280187921e-07 698
1742745214974 7.362527145841626e-07 699
1742745221406 7.215276602924793e-07 700
1742745228415 7.070971070866296e-07 701
1742745233249 6.92955164944897e-07 702
1742745240060 6.79096061645999e-07 703
1742745245984 6.65514140413079e-07 704
1742745252388 6.522038576048174e-07 705
1742745259144 6.391597804527211e-07 706
1742745263744 6.263765848436667e-07 707
1742745270441 6.138490531467933e-07 708
1742745277035 6.015720720838574e-07 709
1742745283634 5.895406306421803e-07 710
1742745290233 5.777498180293366e-07 711
1742745296787 5.661948216687499e-07 712
1742745303545 5.548709252353749e-07 713
1742745308294 5.437735067306674e-07 714
1742745314967 5.32898036596054e-07 715
1742745320728 5.222400758641329e-07 716
1742745327515 5.117952743468503e-07 717
1742745333976 5.015593688599132e-07 718
1742745339294 4.91528181482715e-07 719
1742745345905 4.816976178530607e-07 720
1742745352851 4.720636654959994e-07 721
1742745359817 4.626223921860794e-07 722
1742745366846 4.533699443423578e-07 723
1742745373379 4.4430254545551065e-07 724
1742745380380 4.354164945464004e-07 725
1742745387010 4.267081646554724e-07 726
1742745392955 4.1817400136236297e-07 727
1742745398168 4.098105213351157e-07 728
1742745404133 4.0161431090841337e-07 729
1742745410821 3.935820246902451e-07 730
1742745417311 3.8571038419644017e-07 731
1742745423820 3.7799617651251134e-07 732
1742745430595 3.704362529822611e-07 733
1742745437302 3.630275279226159e-07 734
1742745441719 3.5576697736416356e-07 735
1742745448593 3.4865163781688027e-07 736
1742745455461 3.416786050605427e-07 737
1742745461933 3.348450329593318e-07 738
1742745467065 3.2814813230014516e-07 739
1742745473624 3.2158516965414227e-07 740
1742745480295 3.151534662610594e-07 741
1742745486902 3.0885039693583823e-07 742
1742745493459 3.0267338899712147e-07 743
1742745500328 2.9661992121717903e-07 744
1742745506215 2.9068752279283547e-07 745
1742745511906 2.848737723369788e-07 746
1742745518913 2.791762968902392e-07 747
1742745524298 2.735927709524344e-07 748
1742745530940 2.681209155333857e-07 749
1742745537932 2.6275849722271795e-07 750
1742745543359 2.575033272782636e-07 751
1742745549930 2.523532607326983e-07 752
1742745556573 2.473061955180443e-07 753
1742745562525 2.423600716076834e-07 754
1742745569251 2.3751287017552973e-07 755
1742745575945 2.3276261277201913e-07 756
1742745581758 2.2810736051657874e-07 757
1742745587150 2.2354521330624716e-07 758
1742745593948 2.190743090401222e-07 759
1742745600999 2.1469282285931976e-07 760
1742745606233 2.1039896640213335e-07 761
1742745613202 2.061909870740907e-07 762
1742745619240 2.0206716733260888e-07 763
1742745626387 1.980258239859567e-07 764
1742745633275 1.9406530750623757e-07 765
1742745639859 1.901840013561128e-07 766
1742745645972 1.8638032132899054e-07 767
1742745652450 1.8265271490241073e-07 768
1742745659329 1.7899966060436252e-07 769
1742745665944 1.7541966739227525e-07 770
1742745671345 1.7191127404442973e-07 771
1742745678240 1.6847304856354115e-07 772
1742745685085 1.6510358759227032e-07 773
1742745691741 1.6180151584042492e-07 774
1742745697370 1.5856548552361642e-07 775
1742745702285 1.5539417581314408e-07 776
1742745708791 1.522862922968812e-07 777
1742745715360 1.4924056645094358e-07 778
1742745722287 1.462557551219247e-07 779
1742745729024 1.433306400194862e-07 780
1742745735697 1.4046402721909648e-07 781
1742745741328 1.3765474667471455e-07 782
1742745747958 1.3490165174122027e-07 783
1742745754603 1.3220361870639586e-07 784
1742745760994 1.2955954633226794e-07 785
1742745767860 1.2696835540562258e-07 786
1742745774310 1.2442898829751012e-07 787
1742745780917 1.219404085315599e-07 788
1742745786534 1.1950160036092872e-07 789
1742745791621 1.1711156835371014e-07 790
1742745798311 1.1476933698663593e-07 791
1742745805169 1.124739502469032e-07 792
1742745810002 1.1022447124196514e-07 793
1742745816476 1.0801998181712584e-07 794
1742745823087 1.0585958218078332e-07 795
1742745829933 1.0374239053716765e-07 796
1742745836495 1.016675427264243e-07 797
1742745843386 9.963419187189581e-08 798
1742745849918 9.764150803445789e-08 799
1742745856444 9.568867787376873e-08 800
1742745863194 9.377490431629335e-08 801
1742745868059 9.189940622996748e-08 802
1742745874727 9.006141810536813e-08 803
1742745881271 8.826018974326077e-08 804
1742745888079 8.649498594839555e-08 805
1742745894699 8.476508622942763e-08 806
1742745900955 8.306978450483907e-08 807
1742745908394 8.140838881474229e-08 808
1742745914013 7.978022103844745e-08 809
1742745919282 7.818461661767849e-08 810
1742745925800 7.662092428532492e-08 811
1742745931929 7.508850579961842e-08 812
1742745938614 7.358673568362605e-08 813
1742745945284 7.211500096995353e-08 814
1742745950356 7.067270095055445e-08 815
1742745957006 6.925924693154336e-08 816
1742745963391 6.78740619929125e-08 817
1742745970151 6.651658075305424e-08 818
1742745974944 6.518624913799316e-08 819
1742745981499 6.388252415523329e-08 820
1742745986815 6.260487367212862e-08 821
1742745993429 6.135277619868605e-08 822
1742746000147 6.012572067471232e-08 823
1742746007268 5.8923206261218076e-08 824
1742746014285 5.7744742135993716e-08 825
1742746020929 5.658984729327384e-08 826
1742746027409 5.545805034740836e-08 827
1742746033845 5.4348889340460195e-08 828
1742746040492 5.326191155365099e-08 829
1742746046554 5.2196673322577965e-08 830
1742746053047 5.11527398561264e-08 831
1742746059696 5.0129685059003873e-08 832
1742746066476 4.9127091357823794e-08 833
1742746073587 4.8144549530667317e-08 834
1742746078191 4.718165854005397e-08 835
1742746084688 4.623802536925289e-08 836
1742746089429 4.531326486186783e-08 837
1742746095918 4.4406999564630473e-08 838
1742746101882 4.351885957333786e-08 839
1742746108624 4.26484823818711e-08 840
1742746115373 4.179551273423368e-08 841
1742746120057 4.0959602479549e-08 842
1742746127309 4.014041042995802e-08 843
1742746133791 3.9337602221358856e-08 844
1742746138924 3.855085017693168e-08 845
1742746145877 3.7779833173393045e-08 846
1742746152437 3.702423650992519e-08 847
1742746157348 3.628375177972668e-08 848
1742746164167 3.5558076744132146e-08 849
1742746170692 3.48469152092495e-08 850
1742746177307 3.414997690506451e-08 851
1742746184096 3.3466977366963214e-08 852
1742746188941 3.279763781962395e-08 853
1742746194890 3.2141685063231466e-08 854
1742746200378 3.1498851361966836e-08 855
1742746206075 3.08688743347275e-08 856
1742746212484 3.0251496848032946e-08 857
1742746219134 2.9646466911072287e-08 858
1742746223217 2.9053537572850842e-08 859
1742746229942 2.8472466821393824e-08 860
1742746236510 2.790301748496595e-08 861
1742746243001 2.734495713526663e-08 862
1742746249672 2.6798057992561295e-08 863
1742746256258 2.6262096832710068e-08 864
1742746262624 2.5736854896055866e-08 865
1742746268969 2.5222117798134748e-08 866
1742746275765 2.4717675442172052e-08 867
1742746282302 2.4223321933328612e-08 868
1742746288838 2.373885549466204e-08 869
1742746294346 2.3264078384768797e-08 870
1742746301008 2.279879681707342e-08 871
1742746307896 2.234282088073195e-08 872
1742746314635 2.189596446311731e-08 873
1742746319614 2.1458045173854962e-08 874
1742746326276 2.1028884270377862e-08 875
1742746332667 2.0608306584970304e-08 876
1742746338127 2.0196140453270897e-08 877
1742746343611 1.9792217644205478e-08 878
1742746349922 1.939637329132137e-08 879
1742746356485 1.900844582549494e-08 880
1742746363560 1.862827690898504e-08 881
1742746367636 1.825571137080534e-08 882
1742746374327 1.7890597143389233e-08 883
1742746381091 1.7532785200521448e-08 884
1742746387872 1.718212949651102e-08 885
1742746392201 1.68384869065808e-08 886
1742746398576 1.6501717168449184e-08 887
1742746404668 1.61716828250802e-08 888
1742746410761 1.5848249168578596e-08 889
1742746417833 1.5531284185207023e-08 890
1742746424401 1.522065850150288e-08 891
1742746430978 1.4916245331472823e-08 892
1742746437847 1.4617920424843366e-08 893
1742746444080 1.4325562016346498e-08 894
1742746450434 1.4039050776019568e-08 895
1742746456613 1.3758269760499176e-08 896
1742746461831 1.3483104365289193e-08 897
1742746468077 1.321344227798341e-08 898
1742746474670 1.2949173432423741e-08 899
1742746481264 1.2690189963775265e-08 900
1742746487890 1.243638616449976e-08 901
1742746494536 1.2187658441209764e-08 902
1742746501101 1.1943905272385568e-08 903
1742746507657 1.1705027166937857e-08 904
1742746513632 1.14709266235991e-08 905
1742746520031 1.1241508091127118e-08 906
1742746525619 1.1016677929304576e-08 907
1742746532200 1.0796344370718485e-08 908
1742746538184 1.0580417483304116e-08 909
1742746544723 1.0368809133638033e-08 910
1742746548760 1.0161432950965272e-08 911
1742746555537 9.958204291945967e-09 912
1742746561771 9.759040206107047e-09 913
1742746566995 9.563859401984906e-09 914
1742746573618 9.372582213945208e-09 915
1742746580285 9.185130569666304e-09 916
1742746586799 9.001427958272978e-09 917
1742746593681 8.821399399107518e-09 918
1742746600247 8.644971411125367e-09 919
1742746606018 8.47207198290286e-09 920
1742746612507 8.302630543244802e-09 921
1742746619233 8.136577932379905e-09 922
1742746625175 7.973846373732307e-09 923
1742746631750 7.81436944625766e-09 924
1742746636534 7.658082057332506e-09 925
1742746643056 7.504920416185856e-09 926
1742746649994 7.354822007862139e-09 927
1742746656151 7.207725567704896e-09 928
1742746662274 7.0635710563507984e-09 929
1742746668610 6.922299635223783e-09 930
1742746675211 6.783853642519307e-09 931
1742746681081 6.648176569668921e-09 932
1742746687725 6.515213038275542e-09 933
1742746694514 6.384908777510031e-09 934
1742746701162 6.25721060195983e-09 935
1742746708134 6.1320663899206334e-09 936
1742746714750 6.00942506212222e-09 937
1742746720580 5.889236560879776e-09 938
1742746726344 5.77145182966218e-09 939
1742746733360 5.656022793068936e-09 940
1742746739139 5.542902337207557e-09 941
1742746746094 5.432044290463406e-09 942
1742746752812 5.323403404654138e-09 943
1742746758182 5.216935336561055e-09 944
1742746763795 5.112596629829834e-09 945
1742746770372 5.010344697233237e-09 946
1742746776915 4.910137803288572e-09 947
1742746783408 4.811935047222801e-09 948
1742746790259 4.715696346278345e-09 949
1742746797458 4.621382419352778e-09 950
1742746804128 4.528954770965722e-09 951
1742746810833 4.438375675546407e-09 952
1742746817326 4.349608162035479e-09 953
1742746823845 4.262615998794769e-09 954
1742746830444 4.177363678818873e-09 955
1742746836719 4.093816405242496e-09 956
1742746843793 4.011940077137646e-09 957
1742746850289 3.931701275594893e-09 958
1742746857198 3.853067250082995e-09 959
1742746863788 3.776005905081335e-09 960
1742746870146 3.7004857869797088e-09 961
1742746876939 3.6264760712401147e-09 962
1742746881704 3.5539465498153123e-09 963
1742746888538 3.482867618819006e-09 964
1742746895380 3.4132102664426256e-09 965
1742746901204 3.344946061113773e-09 966
1742746907728 3.2780471398914974e-09 967
1742746914313 3.2124861970936674e-09 968
1742746920937 3.148236473151794e-09 969
1742746927390 3.085271743688758e-09 970
1742746934200 3.0235663088149827e-09 971
1742746940841 2.963094982638683e-09 972
1742746947596 2.9038330829859094e-09 973
1742746952453 2.845756421326191e-09 974
1742746959245 2.788841292899667e-09 975
1742746965887 2.7330644670416737e-09 976
1742746972631 2.67840317770084e-09 977
1742746978913 2.6248351141468232e-09 978
1742746983600 2.572338411863887e-09 979
1742746989927 2.520891643626609e-09 980
1742746996320 2.4704738107540767e-09 981
1742747003275 2.421064334538995e-09 982
1742747009004 2.3726430478482153e-09 983
1742747015579 2.325190186891251e-09 984
1742747022327 2.278686383153426e-09 985
1742747028889 2.2331126554903575e-09 986
1742747034679 2.1884504023805505e-09 987
1742747041335 2.1446813943329394e-09 988
1742747047930 2.1017877664462805e-09 989
1742747054787 2.059752011117355e-09 990
1742747061258 2.018556970895008e-09 991
1742747067855 1.9781858314771076e-09 992
1742747072801 1.9386221148475656e-09 993
1742747079286 1.899849672550614e-09 994
1742747085160 1.8618526790996018e-09 995
1742747091625 1.8246156255176098e-09 996
1742747098227 1.7881233130072576e-09 997
1742747105188 1.7523608467471124e-09 998
1742747110822 1.7173136298121702e-09 999
1742747115884 1.6829673572159268e-09 1000
1742747122432 1.6493080100716082e-09 1001
1742747127950 1.6163218498701759e-09 1002
1742747134521 1.5839954128727724e-09 1003
1742747141103 1.552315504615317e-09 1004
1742747147544 1.5212691945230105e-09 1005
1742747153994 1.4908438106325502e-09 1006
1742747160590 1.4610269344198992e-09 1007
1742747166799 1.4318063957315013e-09 1008
1742747173351 1.4031702678168712e-09 1009
1742747179801 1.3751068624605338e-09 1010
1742747183982 1.3476047252113232e-09 1011
1742747190042 1.3206526307070966e-09 1012
1742747197027 1.2942395780929546e-09 1013
1742747203253 1.2683547865310956e-09 1014
1742747209831 1.2429876908004735e-09 1015
1742747214959 1.218127936984464e-09 1016
1742747221400 1.1937653782447746e-09 1017
1742747228073 1.169890070679879e-09 1018
1742747234859 1.1464922692662815e-09 1019
1742747240222 1.1235624238809559e-09 1020
1742747245413 1.1010911754033367e-09 1021
1742747252151 1.07906935189527e-09 1022
1742747258369 1.0574879648573647e-09 1023
1742747265040 1.0363382055602173e-09 1024
1742747271376 1.015611441449013e-09 1025
1742747278240 9.952992126200326e-10 1026
1742747284945 9.753932283676318e-10 1027
1742747291111 9.558853638002792e-10 1028
1742747297738 9.367676565242735e-10 1029
1742747304435 9.18032303393788e-10 1030
1742747311169 8.996716573259122e-10 1031
1742747317847 8.81678224179394e-10 1032
1742747324447 8.640446596958061e-10 1033
1742747328860 8.4676376650189e-10 1034
1742747335574 8.298284911718522e-10 1035
1742747342635 8.132319213484151e-10 1036
1742747349124 7.969672829214468e-10 1037
1742747355779 7.810279372630178e-10 1038
1742747361794 7.654073785177574e-10 1039
1742747368834 7.500992309474023e-10 1040
1742747375281 7.350972463284542e-10 1041
1742747382265 7.203953014018852e-10 1042
1742747388957 7.059873953738475e-10 1043
1742747395529 6.918676474663706e-10 1044
1742747402278 6.780302945170432e-10 1045
1742747408802 6.644696886267024e-10 1046
1742747415541 6.511802948541684e-10 1047
1742747420965 6.381566889570849e-10 1048
1742747427857 6.253935551779433e-10 1049
1742747434121 6.128856840743844e-10 1050
1742747440641 6.006279703928967e-10 1051
1742747447231 5.886154109850387e-10 1052
1742747453719 5.76843102765338e-10 1053
1742747459925 5.653062407100312e-10 1054
1742747466182 5.540001158958307e-10 1055
1742747471972 5.42920113577914e-10 1056
1742747478587 5.320617113063557e-10 1057
1742747485301 5.214204770802285e-10 1058
1742747492175 5.109920675386239e-10 1059
1742747498801 5.007722261878514e-10 1060
1742747505397 4.907567816640943e-10 1061
1742747511903 4.809416460308124e-10 1062
1742747518441 4.713228131101962e-10 1063
1742747525193 4.618963568479923e-10 1064
1742747532014 4.526584297110324e-10 1065
1742747538707 4.4360526111681176e-10 1066
1742747545532 4.3473315589447553e-10 1067
1742747552019 4.26038492776586e-10 1068
1742747558506 4.175177229210543e-10 1069
1742747565381 4.091673684626332e-10 1070
1742747570612 4.0098402109338053e-10 1071
1742747577219 3.9296434067151293e-10 1072
1742747583763 3.8510505385808267e-10 1073
1742747590631 3.77402952780921e-10 1074
1742747596515 3.698548937253026e-10 1075
1742747603090 3.624577958507965e-10 1076
1742747608675 3.5520863993378057e-10 1077
1742747615344 3.4810446713510495e-10 1078
1742747620634 3.4114237779240283e-10 1079
1742747627246 3.3431953023655475e-10 1080
1742747634266 3.2763313963182363e-10 1081
1742747639168 3.2108047683918717e-10 1082
1742747645586 3.146588673024034e-10 1083
1742747652204 3.0836568995635534e-10 1084
1742747658044 3.021983761572282e-10 1085
1742747664614 2.9615440863408364e-10 1086
1742747671135 2.9023132046140194e-10 1087
1742747677775 2.844266940521739e-10 1088
1742747684487 2.787381601711304e-10 1089
1742747691252 2.731633969677078e-10 1090
1742747695585 2.677001290283536e-10 1091
1742747701836 2.6234612644778655e-10 1092
1742747708655 2.5709920391883084e-10 1093
1742747715299 2.5195721984045423e-10 1094
1742747721644 2.4691807544364516e-10 1095
1742747728374 2.4197971393477226e-10 1096
1742747735239 2.371401196560768e-10 1097
1742747741685 2.3239731726295525e-10 1098
1742747748270 2.2774937091769614e-10 1099
1742747754853 2.2319438349934222e-10 1100
1742747761486 2.1873049582935536e-10 1101
1742747767114 2.1435588591276826e-10 1102
1742747773656 2.1006876819451288e-10 1103
1742747780221 2.0586739283062262e-10 1104
1742747784739 2.0175004497401016e-10 1105
1742747791197 1.9771504407452995e-10 1106
1742747797909 1.9376074319303935e-10 1107
1742747804599 1.8988552832917857e-10 1108
1742747811197 1.86087817762595e-10 1109
1742747818147 1.8236606140734308e-10 1110
1742747824520 1.7871874017919622e-10 1111
1742747831275 1.7514436537561228e-10 1112
1742747837390 1.7164147806810002e-10 1113
1742747843973 1.6820864850673803e-10 1114
1742747848914 1.6484447553660326e-10 1115
1742747854746 1.615475860258712e-10 1116
1742747861300 1.5831663430535379e-10 1117
1742747867930 1.551503016192467e-10 1118
1742747874419 1.5204729558686177e-10 1119
1742747881009 1.4900634967512454e-10 1120
1742747887674 1.4602622268162204e-10 1121
1742747894305 1.431056982279896e-10 1122
1742747900159 1.402435842634298e-10 1123
1742747906262 1.374387125781612e-10 1124
1742747910575 1.3468993832659798e-10 1125
1742747917487 1.31996139560066e-10 1126
1742747924003 1.2935621676886468e-10 1127
1742747930544 1.267690924334874e-10 1128
1742747937002 1.2423371058481765e-10 1129
1742747943522 1.217490363731213e-10 1130
1742747948103 1.1931405564565887e-10 1131
1742747955028 1.169277745327457e-10 1132
1742747962065 1.1458921904209079e-10 1133
1742747967608 1.1229743466124896e-10 1134
1742747974458 1.1005148596802398e-10 1135
1742747981167 1.078504562486635e-10 1136
1742747987584 1.0569344712369022e-10 1137
1742747994104 1.0357957818121641e-10 1138
1742748000717 1.0150798661759208e-10 1139
1742748007443 9.947782688524024e-11 1140
1742748014270 9.748827034753544e-11 1141
1742748020543 9.553850494058473e-11 1142
1742748025412 9.362773484177302e-11 1143
1742748031941 9.175518014493756e-11 1144
1742748038726 8.99200765420388e-11 1145
1742748045336 8.812167501119803e-11 1146
1742748051206 8.635924151097407e-11 1147
1742748057761 8.463205668075458e-11 1148
1742748063123 8.293941554713949e-11 1149
1742748069853 8.128062723619669e-11 1150
1742748076831 7.965501469147276e-11 1151
1742748083476 7.80619143976433e-11 1152
1742748090608 7.650067610969044e-11 1153
1742748095153 7.497066258749662e-11 1154
1742748101486 7.347124933574669e-11 1155
1742748107951 7.200182434903176e-11 1156
1742748114634 7.056178786205113e-11 1157
1742748121435 6.91505521048101e-11 1158
1742748126469 6.77675410627139e-11 1159
1742748132626 6.641219024145962e-11 1160
1742748139240 6.508394643663043e-11 1161
1742748146192 6.378226750789782e-11 1162
1742748151761 6.250662215773987e-11 1163
1742748158406 6.125648971458507e-11 1164
1742748163753 6.003135992029336e-11 1165
1742748170287 5.883073272188749e-11 1166
1742748176770 5.765411806744974e-11 1167
1742748182892 5.650103570610074e-11 1168
1742748187924 5.537101499197872e-11 1169
1742748195121 5.426359469213915e-11 1170
1742748201528 5.317832279829636e-11 1171
1742748207251 5.2114756342330435e-11 1172
1742748213631 5.107246121548382e-11 1173
1742748220440 5.0051011991174145e-11 1174
1742748227132 4.904999175135066e-11 1175
1742748233770 4.8068991916323645e-11 1176
1742748239492 4.710761207799717e-11 1177
1742748244438 4.6165459836437225e-11 1178
1742748251131 4.524215063970848e-11 1179
1742748257483 4.433730762691431e-11 1180
1742748264158 4.345056147437602e-11 1181
1742748270406 4.25815502448885e-11 1182
1742748276974 4.172991923999073e-11 1183
1742748283655 4.0895320855190915e-11 1184
1742748290101 4.00774144380871e-11 1185
1742748295811 3.9275866149325356e-11 1186
1742748302601 3.849034882633885e-11 1187
1742748309247 3.772054184981207e-11 1188
1742748315872 3.6966131012815825e-11 1189
1742748322615 3.622680839255951e-11 1190
1742748328013 3.550227222470832e-11 1191
1742748334070 3.479222678021415e-11 1192
1742748341038 3.4096382244609866e-11 1193
1742748346680 3.341445459971767e-11 1194
1742748352624 3.274616550772332e-11 1195
1742748358754 3.209124219756885e-11 1196
1742748365723 3.144941735361747e-11 1197
1742748372661 3.082042900654512e-11 1198
1742748378851 3.0204020426414214e-11 1199
1742748384498 2.959994001788593e-11 1200
1742748391098 2.900794121752821e-11 1201
1742748396842 2.8427782393177645e-11 1202
1742748402791 2.7859226745314092e-11 1203
1742748409787 2.730204221040781e-11 1204
1742748415141 2.6756001366199654e-11 1205
1742748420665 2.622088133887566e-11 1206
1742748427374 2.5696463712098146e-11 1207
1742748434408 2.5182534437856182e-11 1208
1742748441052 2.4678883749099057e-11 1209
1742748447824 2.4185306074117077e-11 1210
1742748454249 2.3701599952634736e-11 1211
1742748460014 2.322756795358204e-11 1212
1742748464700 2.27630165945104e-11 1213
1742748471437 2.2307756262620192e-11 1214
1742748478462 2.1861601137367787e-11 1215
1742748484106 2.142436911462043e-11 1216
1742748490742 2.099588173232802e-11 1217
1742748496683 2.057596409768146e-11 1218
1742748503117 2.016444481572783e-11 1219
1742748509955 1.9761155919413273e-11 1220
1742748516011 1.9365932801025007e-11 1221
1742748522594 1.8978614145004506e-11 1222
1742748526970 1.8599041862104415e-11 1223
1742748533574 1.8227061024862326e-11 1224
1742748540116 1.7862519804365078e-11 1225
1742748546787 1.7505269408277776e-11 1226
1742748553587 1.715516402011222e-11 1227
1742748559618 1.6812060739709977e-11 1228
1742748566440 1.6475819524915777e-11 1229
1742748570896 1.6146303134417462e-11 1230
1742748576528 1.5823377071729113e-11 1231
1742748582476 1.550690953029453e-11 1232
1742748587950 1.519677133968864e-11 1233
1742748594604 1.4892835912894865e-11 1234
1742748600234 1.4594979194636968e-11 1235
1742748606919 1.4303079610744229e-11 1236
1742748612604 1.4017018018529345e-11 1237
1742748618563 1.3736677658158758e-11 1238
1742748625229 1.3461944104995582e-11 1239
1742748631779 1.319270522289567e-11 1240
1742748637156 1.2928851118437757e-11 1241
1742748644063 1.2670274096069002e-11 1242
1742748650626 1.2416868614147622e-11 1243
1742748657633 1.216853124186467e-11 1244
1742748664201 1.1925160617027376e-11 1245
1742748670842 1.1686657404686828e-11 1246
1742748677304 1.1452924256593091e-11 1247
1742748683179 1.122386577146123e-11 1248
1742748689620 1.0999388456032005e-11 1249
1742748696241 1.0779400686911365e-11 1250
1742748703336 1.0563812673173138e-11 1251
1742748710063 1.0352536419709674e-11 1252
1742748715476 1.0145485691315481e-11 1253
1742748722332 9.94257597748917e-12 1254
1742748728917 9.743724457939388e-12 1255
1742748734256 9.5488499687806e-12 1256
1742748740983 9.357872969404987e-12 1257
1742748747531 9.170715510016888e-12 1258
1742748753970 8.987301199816549e-12 1259
1742748759471 8.807555175820217e-12 1260
1742748766049 8.631404072303813e-12 1261
1742748772613 8.458775990857737e-12 1262
1742748777033 8.289600471040581e-12 1263
1742748783523 8.12380846161977e-12 1264
1742748790197 7.961332292387374e-12 1265
1742748795771 7.802105646539626e-12 1266
1742748802173 7.646063533608833e-12 1267
1742748809086 7.493142262936657e-12 1268
1742748815619 7.343279417677923e-12 1269
1742748822382 7.196413829324364e-12 1270
1742748829381 7.052485552737877e-12 1271
1742748835986 6.911435841683119e-12 1272
1742748841895 6.773207124849457e-12 1273
1742748848572 6.637742982352468e-12 1274
1742748855105 6.504988122705418e-12 1275
1742748861613 6.374888360251309e-12 1276
1742748867970 6.247390593046282e-12 1277
1742748873373 6.1224427811853564e-12 1278
1742748879967 5.999993925561649e-12 1279
1742748886565 5.879994047050416e-12 1280
1742748892420 5.7623941661094075e-12 1281
1742748899080 5.647146282787219e-12 1282
1742748905837 5.5342033571314745e-12 1283
1742748912445 5.4235192899888446e-12 1284
1742748919079 5.315048904189068e-12 1285
1742748924810 5.208747926105286e-12 1286
1742748930288 5.10457296758318e-12 1287
1742748937037 5.0024815082315166e-12 1288
1742748943042 4.9024318780668864e-12 1289
1742748949374 4.804383240505548e-12 1290
1742748955854 4.7082955756954375e-12 1291
1742748962350 4.6141296641815286e-12 1292
1742748968356 4.5218470708978975e-12 1293
1742748974934 4.431410129479939e-12 1294
1742748981076 4.34278192689034e-12 1295
1742748987779 4.2559262883525335e-12 1296
1742748994346 4.170807762585483e-12 1297
1742749000827 4.087391607333773e-12 1298
1742749007352 4.005643775187098e-12 1299
1742749014127 3.925530899683356e-12 1300
1742749020253 3.847020281689689e-12 1301
1742749026288 3.770079876055895e-12 1302
1742749032917 3.694678278534777e-12 1303
1742749037899 3.6207847129640816e-12 1304
1742749044244 3.5483690187047997e-12 1305
1742749050936 3.4774016383307036e-12 1306
1742749056330 3.4078536055640897e-12 1307
1742749062054 3.3396965334528076e-12 1308
1742749068796 3.2729026027837514e-12 1309
1742749075403 3.207444550728076e-12 1310
1742749080065 3.1432956597135145e-12 1311
1742749086618 3.080429746519244e-12 1312
1742749092747 3.018821151588859e-12 1313
1742749099356 2.9584447285570818e-12 1314
1742749105692 2.8992758339859402e-12 1315
1742749112263 2.8412903173062216e-12 1316
1742749116834 2.784464510960097e-12 1317
1742749124107 2.7287752207408948e-12 1318
1742749130822 2.674199716326077e-12 1319
1742749136231 2.6207157219995555e-12 1320
1742749142757 2.5683014075595643e-12 1321
1742749149453 2.516935379408373e-12 1322
1742749156148 2.4665966718202056e-12 1323
1742749162718 2.4172647383838013e-12 1324
1742749169472 2.3689194436161254e-12 1325
1742749176016 2.321541054743803e-12 1326
1742749182482 2.2751102336489267e-12 1327
1742749189178 2.229608028975948e-12 1328
1742749195911 2.1850158683964293e-12 1329
1742749201750 2.141315551028501e-12 1330
1742749208389 2.0984892400079307e-12 1331
1742749214882 2.056519455207772e-12 1332
1742749219972 2.0153890661036166e-12 1333
1742749225783 1.975081284781544e-12 1334
1742749231571 1.9355796590859133e-12 1335
1742749237650 1.896868065904195e-12 1336
1742749244462 1.858930704586111e-12 1337
1742749251167 1.821752090494389e-12 1338
1742749258193 1.7853170486845011e-12 1339
1742749264705 1.7496107077108111e-12 1340
1742749271775 1.7146184935565948e-12 1341
1742749278099 1.680326123685463e-12 1342
1742749282891 1.6467196012117536e-12 1343
1742749289218 1.6137852091875185e-12 1344
1742749295940 1.5815095050037681e-12 1345
1742749301864 1.5498793149036928e-12 1346
1742749306447 1.518881728605619e-12 1347
1742749313047 1.4885040940335066e-12 1348
1742749319868 1.4587340121528365e-12 1349
1742749326146 1.4295593319097798e-12 1350
1742749333028 1.4009681452715842e-12 1351
1742749339748 1.3729487823661524e-12 1352
1742749345328 1.3454898067188293e-12 1353
1742749352331 1.3185800105844527e-12 1354
1742749358167 1.2922084103727636e-12 1355
1742749364778 1.2663642421653082e-12 1356
1742749370512 1.241036957322002e-12 1357
1742749377107 1.216216218175562e-12 1358
1742749383535 1.1918918938120506e-12 1359
1742749390213 1.1680540559358097e-12 1360
1742749396006 1.1446929748170935e-12 1361
1742749401668 1.1217991153207515e-12 1362
1742749407932 1.0993631330143365e-12 1363
1742749414023 1.0773758703540499e-12 1364
1742749420242 1.0558283529469689e-12 1365
1742749426896 1.0347117858880295e-12 1366
1742749433675 1.014017550170269e-12 1367
1742749440433 9.937371991668635e-13 1368
1742749447027 9.738624551835262e-13 1369
1742749453545 9.543852060798556e-13 1370
1742749460265 9.352975019582584e-13 1371
1742749466904 9.165915519190933e-13 1372
1742749473708 8.982597208807114e-13 1373
1742749478248 8.802945264630972e-13 1374
1742749484800 8.626886359338352e-13 1375
1742749491475 8.454348632151586e-13 1376
1742749498129 8.285261659508554e-13 1377
1742749504021 8.119556426318382e-13 1378
1742749509353 7.957165297792015e-13 1379
1742749515571 7.798021991836174e-13 1380
1742749522557 7.64206155199945e-13 1381
1742749529325 7.489220320959461e-13 1382
1742749535817 7.339435914540272e-13 1383
1742749542649 7.192647196249467e-13 1384
1742749549290 7.048794252324477e-13 1385
1742749553592 6.907818367277988e-13 1386
1742749560201 6.769661999932428e-13 1387
1742749566707 6.634268759933779e-13 1388
1742749573271 6.501583384735104e-13 1389
1742749580193 6.371551717040401e-13 1390
1742749586645 6.244120682699593e-13 1391
1742749593260 6.119238269045601e-13 1392
1742749599667 5.996853503664689e-13 1393
1742749604534 5.876916433591395e-13 1394
1742749611285 5.759378104919567e-13 1395
1742749616809 5.644190542821175e-13 1396
1742749622501 5.531306731964751e-13 1397
1742749629188 5.420680597325456e-13 1398
1742749635994 5.312266985378947e-13 1399
1742749642035 5.206021645671368e-13 1400
1742749648738 5.101901212757941e-13 1401
1742749654031 4.999863188502782e-13 1402
1742749660641 4.899865924732726e-13 1403
1742749666989 4.801868606238072e-13 1404
1742749673660 4.70583123411331e-13 1405
1742749679381 4.611714609431043e-13 1406
1742749686007 4.519480317242422e-13 1407
1742749692962 4.4290907108975735e-13 1408
1742749699668 4.340508896679622e-13 1409
1742749706282 4.2536987187460293e-13 1410
1742749712801 4.168624744371109e-13 1411
1742749719519 4.0852522494836866e-13 1412
1742749726083 4.0035472044940127e-13 1413
1742749732662 3.9234762604041326e-13 1414
1742749738147 3.84500673519605e-13 1415
1742749744549 3.768106600492129e-13 1416
1742749751317 3.6927444684822865e-13 1417
1742749757966 3.6188895791126406e-13 1418
1742749764367 3.546511787530388e-13 1419
1742749769600 3.47558155177978e-13 1420
1742749776167 3.406069920744184e-13 1421
1742749782674 3.3379485223293005e-13 1422
1742749789460 3.2711895518827145e-13 1423
1742749796079 3.20576576084506e-13 1424
1742749802768 3.141650445628159e-13 1425
1742749809491 3.078817436715596e-13 1426
1742749816044 3.017241087981284e-13 1427
1742749822688 2.956896266221658e-13 1428
1742749829612 2.8977583408972247e-13 1429
1742749836341 2.8398031740792803e-13 1430
1742749843049 2.7830071105976944e-13 1431
1742749848855 2.7273469683857404e-13 1432
1742749855587 2.6728000290180255e-13 1433
1742749862033 2.619344028437665e-13 1434
1742749868083 2.5669571478689116e-13 1435
1742749874627 2.5156180049115335e-13 1436
1742749881201 2.465305644813303e-13 1437
1742749888372 2.415999531917037e-13 1438
1742749893994 2.367679541278696e-13 1439
1742749899971 2.320325950453122e-13 1440
1742749906515 2.2739194314440596e-13 1441
1742749912861 2.2284410428151783e-13 1442
1742749919614 2.1838722219588747e-13 1443
1742749924977 2.1401947775196972e-13 1444
1742749929802 2.0973908819693031e-13 1445
1742749936461 2.055443064329917e-13 1446
1742749943271 2.0143342030433188e-13 1447
1742749947194 1.9740475189824525e-13 1448
1742749953585 1.9345665686028034e-13 1449
1742749960454 1.8958752372307473e-13 1450
1742749967130 1.8579577324861324e-13 1451
1742749973969 1.8207985778364098e-13 1452
1742749978834 1.7843826062796815e-13 1453
1742749985053 1.748694954154088e-13 1454
1742749991737 1.7137210550710062e-13 1455
1742749998286 1.679446633969586e-13 1456
1742750004086 1.6458577012901943e-13 1457
1742750010755 1.6129405472643904e-13 1458
1742750016289 1.5806817363191025e-13 1459
1742750023007 1.5490681015927205e-13 1460
1742750029675 1.518086739560866e-13 1461
1742750036338 1.4877250047696488e-13 1462
1742750042929 1.4579705046742557e-13 1463
1742750049615 1.4288110945807705e-13 1464
1742750056288 1.4002348726891552e-13 1465
1742750062930 1.372230175235372e-13 1466
1742750069193 1.3447855717306644e-13 1467
1742750075919 1.317889860296051e-13 1468
1742750082551 1.29153206309013e-13 1469
1742750089094 1.2657014218283274e-13 1470
1742750095742 1.2403873933917609e-13 1471
1742750100769 1.2155796455239257e-13 1472
1742750107536 1.191268052613447e-13 1473
1742750114071 1.1674426915611782e-13 1474
1742750120696 1.1440938377299547e-13 1475
1742750127166 1.1212119609753555e-13 1476
1742750133720 1.0987877217558484e-13 1477
1742750139191 1.0768119673207314e-13 1478
1742750145819 1.0552757279743168e-13 1479
1742750152752 1.0341702134148305e-13 1480
1742750159409 1.0134868091465339e-13 1481
1742750165914 9.932170729636031e-14 1482
1742750170781 9.73352731504331e-14 1483
1742750177606 9.538856768742443e-14 1484
1742750184211 9.348079633367595e-14 1485
1742750190646 9.161118040700242e-14 1486
1742750197269 8.977895679886237e-14 1487
1742750203882 8.798337766288512e-14 1488
1742750208190 8.622371010962742e-14 1489
1742750215034 8.449923590743486e-14 1490
1742750221131 8.280925118928617e-14 1491
1742750228367 8.115306616550045e-14 1492
1742750234177 7.953000484219044e-14 1493
1742750240166 7.793940474534663e-14 1494
1742750246190 7.63806166504397e-14 1495
1742750252956 7.485300431743091e-14 1496
1742750259694 7.335594423108229e-14 1497
1742750264901 7.188882534646064e-14 1498
1742750271506 7.045104883953143e-14 1499
1742750277826 6.90420278627408e-14 1500
1742750284490 6.766118730548599e-14 1501
1742750289778 6.630796355937626e-14 1502
1742750295288 6.498180428818873e-14 1503
1742750301966 6.368216820242495e-14 1504
1742750308286 6.240852483837645e-14 1505
1742750314640 6.116035434160892e-14 1506
1742750321519 5.993714725477674e-14 1507
1742750327114 5.87384043096812e-14 1508
1742750332786 5.756363622348757e-14 1509
1742750338967 5.641236349901782e-14 1510
1742750345651 5.528411622903746e-14 1511
1742750352357 5.4178433904456714e-14 1512
1742750358999 5.309486522636758e-14 1513
1742750365674 5.2032967921840225e-14 1514
1742750371572 5.099230856340342e-14 1515
1742750378164 4.9972462392135346e-14 1516
1742750384938 4.8973013144292636e-14 1517
1742750391667 4.799355288140678e-14 1518
1742750398382 4.703368182377864e-14 1519
1742750404946 4.6093008187303066e-14 1520
1742750411196 4.5171148023557e-14 1521
1742750417954 4.426772506308586e-14 1522
1742750422996 4.338237056182414e-14 1523
1742750429956 4.2514723150587654e-14 1524
1742750436515 4.16644286875759e-14 1525
1742750442081 4.083114011382438e-14 1526
1742750449037 4.001451731154789e-14 1527
1742750455852 3.921422696531693e-14 1528
1742750461180 3.842994242601059e-14 1529
1742750467109 3.7661343577490376e-14 1530
1742750473993 3.690811670594057e-14 1531
1742750480850 3.6169954371821757e-14 1532
1742750485460 3.544655528438532e-14 1533
1742750492513 3.473762417869761e-14 1534
1742750498680 3.4042871695123656e-14 1535
1742750505418 3.3362014261221185e-14 1536
1742750512205 3.269477397599676e-14 1537
1742750518665 3.204087849647682e-14 1538
1742750525263 3.140006092654728e-14 1539
1742750531868 3.077205970801633e-14 1540
1742750536974 3.0156618513856e-14 1541
1742750543967 2.9553486143578883e-14 1542
1742750550560 2.8962416420707306e-14 1543
1742750557131 2.838316809229316e-14 1544
1742750563323 2.7815504730447295e-14 1545
1742750569793 2.725919463583835e-14 1546
1742750576403 2.6714010743121584e-14 1547
1742750581955 2.6179730528259153e-14 1548
1742750587763 2.565613591769397e-14 1549
1742750594810 2.514301319934009e-14 1550
1742750600245 2.4640152935353288e-14 1551
1742750606167 2.4147349876646222e-14 1552
1742750612827 2.3664402879113298e-14 1553
1742750620159 2.3191114821531032e-14 1554
1742750626762 2.272729252510041e-14 1555
1742750633305 2.22727466745984e-14 1556
1742750640473 2.1827291741106433e-14 1557
1742750645982 2.1390745906284305e-14 1558
1742750651680 2.096293098815862e-14 1559
1742750658407 2.0543672368395447e-14 1560
1742750665085 2.0132798921027538e-14 1561
1742750671838 1.9730142942606988e-14 1562
1742750678428 1.9335540083754846e-14 1563
1742750684884 1.894882928207975e-14 1564
1742750690499 1.8569852696438155e-14 1565
1742750696227 1.8198455642509393e-14 1566
1742750702863 1.7834486529659206e-14 1567
1742750709420 1.747779679906602e-14 1568
1742750714277 1.7128240863084702e-14 1569
1742750720850 1.6785676045823008e-14 1570
1742750726774 1.6449962524906547e-14 1571
1742750733447 1.6120963274408417e-14 1572
1742750740001 1.579854400892025e-14 1573
1742750746599 1.5482573128741845e-14 1574
1742750751629 1.517292166616701e-14 1575
1742750756022 1.4869463232843668e-14 1576
1742750762838 1.4572073968186796e-14 1577
1742750769686 1.428063248882306e-14 1578
1742750776130 1.3995019839046598e-14 1579
1742750782814 1.3715119442265666e-14 1580
1742750789687 1.3440817053420353e-14 1581
1742750796598 1.3172000712351946e-14 1582
1742750803549 1.2908560698104908e-14 1583
1742750810372 1.265038948414281e-14 1584
1742750817015 1.2397381694459954e-14 1585
1742750823563 1.2149434060570755e-14 1586
1742750830165 1.190644537935934e-14 1587
1742750835074 1.1668316471772153e-14 1588
1742750841943 1.143495014233671e-14 1589
1742750847661 1.1206251139489976e-14 1590
1742750854432 1.0982126116700176e-14 1591
1742750861151 1.0762483594366172e-14 1592
1742750867707 1.0547233922478848e-14 1593
1742750874544 1.033628924402927e-14 1594
1742750880723 1.0129563459148685e-14 1595
1742750886844 9.92697218996571e-15 1596
1742750893753 9.728432746166396e-15 1597
1742750900196 9.533864091243068e-15 1598
1742750907197 9.343186809418207e-15 1599
1742750913481 9.156323073229843e-15 1600
1742750920017 8.973196611765246e-15 1601
1742750925392 8.793732679529941e-15 1602
1742750930997 8.617858025939343e-15 1603
1742750937689 8.445500865420555e-15 1604
1742750944412 8.276590848112144e-15 1605
1742750949810 8.111059031149902e-15 1606
1742750956168 7.948837850526903e-15 1607
1742750961616 7.789861093516365e-15 1608
1742750968633 7.634063871646037e-15 1609
1742750975623 7.481382594213117e-15 1610
1742750982489 7.331754942328855e-15 1611
1742750989442 7.185119843482277e-15 1612
1742750994149 7.041417446612631e-15 1613
1742751000934 6.900589097680378e-15 1614
1742751007643 6.7625773157267705e-15 1615
1742751013337 6.627325769412235e-15 1616
1742751018108 6.49477925402399e-15 1617
1742751024948 6.3648836689435105e-15 1618
1742751031397 6.23758599556464e-15 1619
1742751038193 6.112834275653348e-15 1620
1742751045015 5.990577590140281e-15 1621
1742751050577 5.870766038337475e-15 1622
1742751056386 5.753350717570726e-15 1623
1742751063093 5.638283703219311e-15 1624
1742751069459 5.525518029154925e-15 1625
1742751076344 5.4150076685718265e-15 1626
1742751083258 5.30670751520039e-15 1627
1742751089770 5.200573364896382e-15 1628
1742751096623 5.096561897598454e-15 1629
1742751103393 4.994630659646485e-15 1630
1742751107681 4.894738046453555e-15 1631
1742751114689 4.796843285524484e-15 1632
1742751121751 4.7009064198139944e-15 1633
1742751128050 4.6068882914177145e-15 1634
1742751134118 4.5147505255893605e-15 1635
1742751139866 4.4244555150775736e-15 1636
1742751145881 4.335966404776022e-15 1637
1742751152733 4.249247076680502e-15 1638
1742751159343 4.164262135146891e-15 1639
1742751164911 4.0809768924439535e-15 1640
1742751171376 3.9993573545950746e-15 1641
1742751177282 3.919370207503173e-15 1642
1742751182824 3.840982803353109e-15 1643
1742751187478 3.7641631472860466e-15 1644
1742751193963 3.6888798843403254e-15 1645
1742751200474 3.615102286653519e-15 1646
1742751207471 3.5428002409204487e-15 1647
1742751214312 3.4719442361020397e-15 1648
1742751220081 3.4025053513799987e-15 1649
1742751225515 3.3344552443523987e-15 1650
1742751231129 3.2677661394653505e-15 1651
1742751238296 3.2024108166760432e-15 1652
1742751244923 3.138362600342522e-15 1653
1742751250583 3.0755953483356717e-15 1654
1742751256448 3.014083441368958e-15 1655
1742751263328 2.953801772541579e-15 1656
1742751267597 2.8947257370907472e-15 1657
1742751274406 2.836831222348932e-15 1658
1742751281120 2.7800945979019536e-15 1659
1742751287970 2.7244927059439144e-15 1660
1742751294496 2.670002851825036e-15 1661
1742751301214 2.616602794788535e-15 1662
1742751307991 2.5642707388927643e-15 1663
1742751314855 2.512985324114909e-15 1664
1742751321487 2.4627256176326108e-15 1665
1742751328360 2.4134711052799584e-15 1666
1742751334518 2.3652016831743593e-15 1667
1742751339543 2.317897649510872e-15 1668
1742751346246 2.2715396965206547e-15 1669
1742751353115 2.2261089025902417e-15 1670
1742751359937 2.181586724538437e-15 1671
1742751367072 2.137954990047668e-15 1672
1742751373923 2.0951958902467144e-15 1673
1742751379806 2.05329197244178e-15 1674
1742751385594 2.0122261329929445e-15 1675
1742751392526 1.9719816103330857e-15 1676
1742751398822 1.932541978126424e-15 1677
1742751405242 1.893891138563895e-15 1678
1742751411878 1.8560133157926172e-15 1679
1742751418598 1.818893049476765e-15 1680
1742751425395 1.7825151884872295e-15 1681
1742751432320 1.746864884717485e-15 1682
1742751439083 1.7119275870231352e-15 1683
1742751445853 1.6776890352826726e-15 1684
1742751452613 1.644135254577019e-15 1685
1742751457968 1.6112525494854787e-15 1686
1742751464892 1.579027498495769e-15 1687
1742751471049 1.5474469485258537e-15 1688
1742751476338 1.5164980095553367e-15 1689
1742751482903 1.48616804936423e-15 1690
1742751487955 1.4564446883769453e-15 1691
1742751494730 1.4273157946094064e-15 1692
1742751500178 1.3987694787172182e-15 1693
1742751506665 1.3707940891428738e-15 1694
1742751513385 1.3433782073600163e-15 1695
1742751520117 1.316510643212816e-15 1696
1742751526709 1.2901804303485597e-15 1697
1742751533503 1.2643768217415886e-15 1698
1742751540266 1.2390892853067568e-15 1699
1742751546913 1.2143074996006217e-15 1700
1742751554228 1.1900213496086091e-15 1701
1742751560928 1.166220922616437e-15 1702
1742751567802 1.1428965041641081e-15 1703
1742751574578 1.120038574080826e-15 1704
1742751579158 1.0976378025992095e-15 1705
1742751584907 1.0756850465472253e-15 1706
1742751591486 1.0541713456162807e-15 1707
1742751598312 1.0330879187039551e-15 1708
1742751604994 1.012426160329876e-15 1709
1742751612134 9.921776371232786e-16 1710
1742751618993 9.72334084380813e-16 1711
1742751625954 9.528874026931968e-16 1712
1742751632826 9.338296546393329e-16 1713
1742751637294 9.151530615465462e-16 1714
1742751643436 8.968500003156151e-16 1715
1742751650169 8.789130003093028e-16 1716
1742751656493 8.613347403031167e-16 1717
1742751663209 8.441080454970543e-16 1718
1742751669998 8.272258845871132e-16 1719
1742751675318 8.10681366895371e-16 1720
1742751682027 7.944677395574635e-16 1721
1742751686489 7.785783847663143e-16 1722
1742751693316 7.63006817070988e-16 1723
1742751700346 7.477466807295682e-16 1724
1742751706983 7.327917471149768e-16 1725
1742751713836 7.181359121726773e-16 1726
1742751720508 7.037731939292237e-16 1727
1742751727220 6.896977300506392e-16 1728
1742751733988 6.759037754496264e-16 1729
1742751740682 6.623856999406339e-16 1730
1742751745677 6.491379859418211e-16 1731
1742751752283 6.361552262229847e-16 1732
1742751759408 6.23432121698525e-16 1733
1742751765658 6.109634792645545e-16 1734
1742751772382 5.987442096792634e-16 1735
1742751778122 5.867693254856782e-16 1736
1742751785049 5.750339389759646e-16 1737
1742751790207 5.635332601964453e-16 1738
1742751797232 5.522625949925164e-16 1739
1742751803965 5.412173430926661e-16 1740
1742751811245 5.303929962308128e-16 1741
1742751817343 5.197851363061966e-16 1742
1742751824070 5.093894335800726e-16 1743
1742751830121 4.992016449084711e-16 1744
1742751837911 4.892176120103017e-16 1745
1742751843830 4.794332597700956e-16 1746
1742751850671 4.698445945746937e-16 1747
1742751858385 4.604477026831999e-16 1748
1742751865379 4.512387486295359e-16 1749
1742751873664 4.4221397365694514e-16 1750
1742751880930 4.3336969418380623e-16 1751
1742751888033 4.247023003001301e-16 1752
1742751894630 4.162082542941275e-16 1753
1742751901286 4.0788408920824495e-16 1754
1742751907905 3.9972640742408e-16 1755
1742751913450 3.917318792755984e-16 1756
1742751920232 3.8389724169008646e-16 1757
1742751926542 3.7621929685628472e-16 1758
1742751933392 3.68694910919159e-16 1759
1742751940113 3.6132101270077584e-16 1760
1742751946998 3.5409459244676033e-16 1761
1742751953104 3.470127005978251e-16 1762
1742751959090 3.400724465858686e-16 1763
1742751965852 3.332709976541512e-16 1764
1742751972140 3.2660557770106817e-16 1765
1742751979174 3.200734661470468e-16 1766
1742751985756 3.1367199682410586e-16 1767
1742751992317 3.0739855688762374e-16 1768
1742751997077 3.0125058574987127e-16 1769
1742752003708 2.952255740348738e-16 1770
1742752010070 2.8932106255417635e-16 1771
1742752016740 2.835346413030928e-16 1772
1742752023724 2.7786394847703093e-16 1773
1742752030172 2.723066695074903e-16 1774
1742752034807 2.668605361173405e-16 1775
1742752041486 2.6152332539499365e-16 1776
1742752048197 2.5629285888709377e-16 1777
1742752055144 2.511670017093519e-16 1778
1742752061607 2.4614366167516484e-16 1779
1742752068585 2.4122078844166155e-16 1780
1742752075224 2.363963726728283e-16 1781
1742752078923 2.3166844521937173e-16 1782
1742752085562 2.270350763149843e-16 1783
1742752092346 2.2249437478868457e-16 1784
1742752099420 2.1804448729291087e-16 1785
1742752106236 2.1368359754705264e-16 1786
1742752113422 2.094099255961116e-16 1787
1742752120211 2.0522172708418937e-16 1788
1742752125600 2.0111729254250557e-16 1789
1742752132320 1.9709494669165545e-16 1790
1742752138596 1.9315304775782234e-16 1791
1742752144315 1.8928998680266589e-16 1792
1742752151309 1.8550418706661256e-16 1793
1742752158301 1.8179410332528031e-16 1794
1742752164869 1.781582212587747e-16 1795
1742752170418 1.745950568335992e-16 1796
1742752177595 1.711031556969272e-16 1797
1742752184001 1.6768109258298866e-16 1798
1742752191002 1.6432747073132887e-16 1799
1742752196732 1.610409213167023e-16 1800
1742752203541 1.5782010289036824e-16 1801
1742752209206 1.5466370083256087e-16 1802
1742752216454 1.5157042681590965e-16 1803
1742752223778 1.4853901827959144e-16 1804
1742752230679 1.4556823791399962e-16 1805
1742752237811 1.4265687315571963e-16 1806
1742752244815 1.3980373569260522e-16 1807
1742752249658 1.3700766097875312e-16 1808
1742752257422 1.3426750775917805e-16 1809
1742752264600 1.315821576039945e-16 1810
1742752271420 1.289505144519146e-16 1811
1742752277962 1.2637150416287628e-16 1812
1742752285080 1.2384407407961876e-16 1813
1742752292520 1.213671925980264e-16 1814
1742752299714 1.1893984874606587e-16 1815
1742752306891 1.1656105177114456e-16 1816
1742752314086 1.1422983073572167e-16 1817
1742752321142 1.1194523412100724e-16 1818
1742752327415 1.097063294385871e-16 1819
1742752334767 1.0751220284981536e-16 1820
1742752341899 1.0536195879281905e-16 1821
1742752349048 1.0325471961696267e-16 1822
1742752355464 1.0118962522462341e-16 1823
1742752362182 9.916583272013095e-17 1824
1742752369373 9.718251606572833e-17 1825
1742752376787 9.523886574441376e-17 1826
1742752384491 9.333408842952549e-17 1827
1742752389815 9.146740666093497e-17 1828
1742752397050 8.963805852771627e-17 1829
1742752404746 8.784529735716194e-17 1830
1742752411854 8.60883914100187e-17 1831
1742752418426 8.436662358181833e-17 1832
1742752425821 8.267929111018196e-17 1833
1742752431209 8.102570528797832e-17 1834
1742752438531 7.940519118221876e-17 1835
1742752445633 7.781708735857438e-17 1836
1742752453023 7.626074561140289e-17 1837
1742752460378 7.473553069917483e-17 1838
1742752467631 7.324082008519133e-17 1839
1742752474576 7.17760036834875e-17 1840
1742752481748 7.034048360981775e-17 1841
1742752488039 6.893367393762139e-17 1842
1742752493528 6.755500045886897e-17 1843
1742752500136 6.620390044969159e-17 1844
1742752507422 6.487982244069775e-17 1845
1742752513006 6.35822259918838e-17 1846
1742752520171 6.231058147204612e-17 1847
1742752527326 6.106436984260519e-17 1848
1742752534165 5.984308244575308e-17 1849
1742752541307 5.864622079683802e-17 1850
1742752548826 5.747329638090126e-17 1851
1742752556214 5.632383045328323e-17 1852
1742752561435 5.519735384421757e-17 1853
1742752568663 5.409340676733322e-17 1854
1742752575758 5.3011538631986554e-17 1855
1742752583102 5.195130785934682e-17 1856
1742752589940 5.0912281702159885e-17 1857
1742752597260 4.989403606811669e-17 1858
1742752604565 4.8896155346754355e-17 1859
1742752611826 4.7918232239819266e-17 1860
1742752619147 4.695986759502288e-17 1861
1742752626545 4.6020670243122416e-17 1862
1742752634270 4.510025683825997e-17 1863
1742752641464 4.419825170149477e-17 1864
1742752648667 4.331428666746487e-17 1865
1742752655548 4.244800093411557e-17 1866
1742752662718 4.159904091543326e-17 1867
1742752669867 4.07670600971246e-17 1868
1742752677138 3.995171889518211e-17 1869
1742752684216 3.915268451727847e-17 1870
1742752689622 3.83696308269329e-17 1871
1742752696554 3.760223821039424e-17 1872
1742752703975 3.685019344618635e-17 1873
1742752710732 3.6113189577262625e-17 1874
1742752717878 3.5390925785717375e-17 1875
1742752724086 3.468310727000303e-17 1876
1742752731143 3.3989445124602965e-17 1877
1742752736933 3.3309656222110907e-17 1878
1742752744475 3.2643463097668685e-17 1879
1742752751588 3.199059383571531e-17 1880
1742752758879 3.1350781959001004e-17 1881
1742752766002 3.0723766319820984e-17 1882
1742752772289 3.0109290993424564e-17 1883
1742752779689 2.9507105173556075e-17 1884
1742752786814 2.8916963070084953e-17 1885
1742752793799 2.8338623808683255e-17 1886
1742752799767 2.7771851332509586e-17 1887
1742752807306 2.7216414305859395e-17 1888
1742752814366 2.6672086019742208e-17 1889
1742752821738 2.6138644299347363e-17 1890
1742752829021 2.5615871413360415e-17 1891
1742752836268 2.5103553985093207e-17 1892
1742752842602 2.4601482905391342e-17 1893
1742752848362 2.4109453247283515e-17 1894
1742752855660 2.3627264182337846e-17 1895
1742752862994 2.3154718898691087e-17 1896
1742752870354 2.2691624520717264e-17 1897
1742752875955 2.223779203030292e-17 1898
1742752883082 2.179303618969686e-17 1899
1742752890343 2.135717546590292e-17 1900
1742752897506 2.0930031956584863e-17 1901
1742752904725 2.0511431317453164e-17 1902
1742752912052 2.01012026911041e-17 1903
1742752915729 1.9699178637282018e-17 1904
1742752922280 1.9305195064536377e-17 1905
1742752929005 1.891909116324565e-17 1906
1742752933644 1.8540709339980736e-17 1907
1742752940840 1.816989515318112e-17 1908
1742752948390 1.7806497250117497e-17 1909
1742752954969 1.7450367305115146e-17 1910
1742752962324 1.7101359959012844e-17 1911
1742752969672 1.6759332759832586e-17 1912
1742752977086 1.6424146104635935e-17 1913
1742752984307 1.6095663182543216e-17 1914
1742752990140 1.5773749918892352e-17 1915
1742752997548 1.5458274920514503e-17 1916
1742753003056 1.5149109422104213e-17 1917
1742753010192 1.484612723366213e-17 1918
1742753017452 1.4549204688988887e-17 1919
1742753024401 1.4258220595209108e-17 1920
1742753031535 1.3973056183304926e-17 1921
1742753038869 1.3693595059638828e-17 1922
1742753045416 1.341972315844605e-17 1923
1742753052636 1.315132869527713e-17 1924
1742753058851 1.2888302121371587e-17 1925
1742753066310 1.2630536078944155e-17 1926
1742753073342 1.2377925357365272e-17 1927
1742753080302 1.2130366850217967e-17 1928
1742753087553 1.1887759513213606e-17 1929
1742753093867 1.1650004322949335e-17 1930
1742753101021 1.1417004236490347e-17 1931
1742753108131 1.118866415176054e-17 1932
1742753115393 1.0964890868725329e-17 1933
1742753122406 1.0745593051350823e-17 1934
1742753128390 1.0530681190323806e-17 1935
1742753133768 1.032006756651733e-17 1936
1742753140732 1.0113666215186983e-17 1937
1742753147966 9.911392890883243e-18 1938
1742753155124 9.713165033065578e-18 1939
1742753162671 9.518901732404266e-18 1940
1742753169835 9.328523697756181e-18 1941
1742753175771 9.141953223801057e-18 1942
1742753183154 8.959114159325035e-18 1943
1742753190197 8.779931876138534e-18 1944
1742753195361 8.604333238615763e-18 1945
1742753202760 8.432246573843447e-18 1946
1742753209749 8.263601642366578e-18 1947
1742753216779 8.098329609519246e-18 1948
1742753224163 7.936363017328861e-18 1949
1742753230156 7.777635756982283e-18 1950
1742753237501 7.622083041842638e-18 1951
1742753244406 7.469641381005785e-18 1952
1742753251497 7.32024855338567e-18 1953
1742753258408 7.173843582317957e-18 1954
1742753265139 7.030366710671598e-18 1955
1742753272438 6.889759376458166e-18 1956
1742753278109 6.751964188929003e-18 1957
1742753284269 6.616924905150422e-18 1958
1742753291249 6.484586407047414e-18 1959
1742753297844 6.354894678906465e-18 1960
1742753304970 6.227796785328336e-18 1961
1742753312158 6.103240849621769e-18 1962
1742753317057 5.9811760326293335e-18 1963
1742753323681 5.8615525119767464e-18 1964
1742753330554 5.7443214617372114e-18 1965
1742753337906 5.629435032502467e-18 1966
1742753343096 5.516846331852418e-18 1967
1742753350025 5.406509405215369e-18 1968
1742753357079 5.2983792171110615e-18 1969
1742753364315 5.19241163276884e-18 1970
1742753371477 5.088563400113463e-18 1971
1742753378617 4.986792132111194e-18 1972
1742753385761 4.88705628946897e-18 1973
1742753393008 4.7893151636795906e-18 1974
1742753400248 4.6935288604059986e-18 1975
1742753406009 4.599658283197879e-18 1976
1742753413194 4.507665117533921e-18 1977
1742753420504 4.417511815183243e-18 1978
1742753427846 4.329161578879578e-18 1979
1742753434990 4.242578347301986e-18 1980
1742753442328 4.1577267803559464e-18 1981
1742753449602 4.074572244748827e-18 1982
1742753455108 3.99308079985385e-18 1983
1742753462276 3.913219183856773e-18 1984
1742753469460 3.834954800179637e-18 1985
1742753476594 3.7582557041760444e-18 1986
1742753483824 3.683090590092524e-18 1987
1742753491335 3.609428778290673e-18 1988
1742753497912 3.53724020272486e-18 1989
1742753504473 3.466495398670363e-18 1990
1742753511632 3.3971654906969555e-18 1991
1742753518950 3.3292221808830165e-18 1992
1742753526372 3.262637737265356e-18 1993
1742753533207 3.1973849825200488e-18 1994
1742753539813 3.1334372828696477e-18 1995
1742753546999 3.0707685372122547e-18 1996
1742753554280 3.0093531664680095e-18 1997
1742753561236 2.9491661031386493e-18 1998
1742753568101 2.8901827810758763e-18 1999
1742753573399 2.832379125454359e-18 2000
1742753580368 2.7757315429452717e-18 2001
1742753587597 2.720216912086366e-18 2002
1742753594756 2.6658125738446386e-18 2003
1742753600983 2.6124963223677456e-18 2004
1742753606783 2.560246395920391e-18 2005
1742753613625 2.509041468001983e-18 2006
1742753621017 2.4588606386419433e-18 2007
1742753626631 2.4096834258691044e-18 2008
1742753633766 2.3614897573517223e-18 2009
1742753640108 2.314259962204688e-18 2010
1742753647539 2.2679747629605943e-18 2011
1742753654729 2.2226152677013823e-18 2012
1742753660995 2.1781629623473547e-18 2013
1742753666277 2.1345997031004076e-18 2014
1742753673319 2.0919077090383995e-18 2015
1742753680517 2.0500695548576314e-18 2016
1742753687981 2.0090681637604787e-18 2017
1742753694867 1.968886800485269e-18 2018
1742753702218 1.9295090644755634e-18 2019
1742753708997 1.890918883186052e-18 2020
1742753715957 1.853100505522331e-18 2021
1742753722913 1.8160384954118843e-18 2022
1742753730372 1.7797177255036464e-18 2023
1742753737608 1.7441233709935736e-18 2024
1742753744695 1.7092409035737022e-18 2025
1742753749927 1.6750560855022282e-18 2026
1742753757144 1.6415549637921837e-18 2027
1742753763434 1.60872386451634e-18 2028
1742753770893 1.5765493872260132e-18 2029
1742753777559 1.545018399481493e-18 2030
1742753784244 1.5141180314918631e-18 2031
1742753791492 1.4838356708620258e-18 2032
1742753798212 1.4541589574447853e-18 2033
1742753805312 1.4250757782958896e-18 2034
1742753812720 1.3965742627299717e-18 2035
1742753819132 1.3686427774753722e-18 2036
1742753826032 1.3412699219258647e-18 2037
1742753833192 1.3144445234873473e-18 2038
1742753840207 1.2881556330176004e-18 2039
1742753847267 1.2623925203572483e-18 2040
1742753853518 1.2371446699501034e-18 2041
1742753860780 1.2124017765511012e-18 2042
1742753868064 1.1881537410200791e-18 2043
1742753875395 1.1643906661996776e-18 2044
1742753882905 1.141102852875684e-18 2045
1742753887900 1.1182807958181704e-18 2046
1742753895022 1.095915179901807e-18 2047
1742753901967 1.0739968763037708e-18 2048
1742753909215 1.0525169387776953e-18 2049
1742753916002 1.0314666000021413e-18 2050
1742753923125 1.0108372680020986e-18 2051
1742753930683 9.906205226420565e-19 2052
1742753935311 9.708081121892153e-19 2053
1742753942621 9.51391949945431e-19 2054
1742753950010 9.323641109465223e-19 2055
1742753956634 9.137168287275918e-19 2056
1742753963932 8.954424921530399e-19 2057
1742753969877 8.77533642309979e-19 2058
1742753976698 8.599829694637794e-19 2059
1742753983797 8.427833100745038e-19 2060
1742753989536 8.259276438730137e-19 2061
1742753995100 8.094090909955534e-19 2062
1742754001795 7.932209091756423e-19 2063
1742754008871 7.773564909921295e-19 2064
1742754015103 7.618093611722869e-19 2065
1742754022315 7.465731739488411e-19 2066
1742754029477 7.316417104698642e-19 2067
1742754036267 7.1700887626046695e-19 2068
1742754042796 7.026686987352576e-19 2069
1742754048954 6.886153247605524e-19 2070
1742754055768 6.748430182653414e-19 2071
1742754061707 6.613461579000346e-19 2072
1742754067825 6.481192347420339e-19 2073
1742754074747 6.351568500471932e-19 2074
1742754081786 6.224537130462493e-19 2075
1742754088631 6.100046387853244e-19 2076
1742754095022 5.978045460096178e-19 2077
1742754101296 5.858484550894255e-19 2078
1742754108086 5.74131485987637e-19 2079
1742754114954 5.626488562678842e-19 2080
1742754121819 5.513958791425265e-19 2081
1742754126339 5.40367961559676e-19 2082
1742754133408 5.295606023284824e-19 2083
1742754140041 5.189693902819128e-19 2084
1742754146984 5.085900024762744e-19 2085
1742754152392 4.98418202426749e-19 2086
1742754159807 4.88449838378214e-19 2087
1742754166758 4.786808416106497e-19 2088
1742754172001 4.691072247784368e-19 2089
1742754178933 4.59725080282868e-19 2090
1742754185987 4.505305786772107e-19 2091
1742754193309 4.415199671036665e-19 2092
1742754200496 4.3268956776159314e-19 2093
1742754207431 4.240357764063613e-19 2094
1742754214442 4.1555506087823406e-19 2095
1742754221419 4.072439596606694e-19 2096
1742754227751 3.99099080467456e-19 2097
1742754232508 3.911170988581069e-19 2098
1742754239369 3.8329475688094476e-19 2099
