1742740774256 50.893951416015625 0
1742740780733 71.56364440917969 1
1742740787319 32.78281021118164 2
1742740794031 35.02271270751953 3
1742740799675 33.015533447265625 4
1742740804925 42.91937255859375 5
1742740811709 40.76437759399414 6
1742740818289 44.302730560302734 7
1742740825138 48.38644027709961 8
1742740832210 43.670654296875 9
1742740838463 33.26002883911133 10
1742740844608 46.539859771728516 11
1742740850974 51.87822341918945 12
1742740857408 45.36100769042969 13
1742740861998 32.37272644042969 14
1742740868607 46.028038024902344 15
1742740875232 59.648616790771484 16
1742740881876 61.60850524902344 17
1742740888323 38.605289459228516 18
1742740894748 20.756742477416992 19
1742740901552 33.482330322265625 20
1742740905942 28.304121017456055 21
1742740911913 49.98954391479492 22
1742740918454 56.48967361450195 23
1742740925302 48.48432922363281 24
1742740932173 48.40241622924805 25
1742740937542 42.5538330078125 26
1742740944679 40.62623596191406 27
1742740951299 55.68524932861328 28
1742740958098 43.75630187988281 29
1742740964994 44.94904708862305 30
1742740971602 54.28802490234375 31
1742740978200 82.41812896728516 32
1742740982838 43.74690628051758 33
1742740989198 55.19923400878906 34
1742740995574 34.15729522705078 35
1742741000867 51.0201530456543 36
1742741007386 79.48689270019531 37
1742741014059 57.438011169433594 38
1742741020996 62.24805450439453 39
1742741028154 69.50164794921875 40
1742741035156 44.51588439941406 41
1742741041883 40.37848663330078 42
1742741048660 70.94083404541016 43
1742741055475 56.70454025268555 44
1742741062365 59.21892547607422 45
1742741068967 65.73219299316406 46
1742741073252 40.42082977294922 47
1742741079990 55.82147979736328 48
1742741086663 49.87007522583008 49
1742741091048 22.95885467529297 50
1742741098055 58.43824768066406 51
1742741104984 56.73225021362305 52
1742741112464 73.43557739257812 53
1742741119686 37.31899642944336 54
1742741125075 58.79558181762695 55
1742741130241 39.365623474121094 56
1742741135571 49.3403434753418 57
1742741142331 82.76248168945312 58
1742741146848 58.76255798339844 59
1742741153723 75.46249389648438 60
1742741159892 53.532955169677734 61
1742741166659 69.54611206054688 62
1742741173673 49.591739654541016 63
1742741180325 71.91572570800781 64
1742741187261 71.36200714111328 65
1742741193807 90.82518005371094 66
1742741200569 88.61409759521484 67
1742741204777 55.282108306884766 68
1742741211391 83.7085952758789 69
1742741218120 74.96453857421875 70
1742741224484 110.56459045410156 71
1742741231176 72.02161407470703 72
1742741237060 64.83182525634766 73
1742741243960 78.01858520507812 74
1742741250603 126.40657806396484 75
1742741257290 115.32527923583984 76
1742741263535 88.98262786865234 77
1742741270418 59.582557678222656 78
1742741277174 85.94561004638672 79
1742741282162 82.8038101196289 80
1742741288821 77.76878356933594 81
1742741295900 76.15189361572266 82
1742741302695 80.44929504394531 83
1742741309615 70.27122497558594 84
1742741316815 106.69730377197266 85
1742741323503 107.84193420410156 86
1742741330187 130.44346618652344 87
1742741334718 154.69515991210938 88
1742741341384 77.0458984375 89
1742741347907 41.11846160888672 90
1742741354576 145.96456909179688 91
1742741361443 87.77877044677734 92
1742741368171 114.9092788696289 93
1742741374819 127.3981704711914 94
1742741380486 155.5397186279297 95
1742741386910 112.38113403320312 96
1742741393658 172.33067321777344 97
1742741399306 89.49430847167969 98
1742741404421 90.06273651123047 99
1742741411377 76.17010498046875 100
1742741415706 65.43180847167969 101
1742741422273 93.7324447631836 102
1742741428758 93.14688110351562 103
1742741433557 107.12681579589844 104
1742741440187 97.32625579833984 105
1742741446854 127.96526336669922 106
1742741453682 155.20022583007812 107
1742741460381 138.98965454101562 108
1742741467213 134.91455078125 109
1742741473973 90.11446380615234 110
1742741480318 83.7848892211914 111
1742741486994 160.46734619140625 112
1742741492693 144.83807373046875 113
1742741499335 98.54353332519531 114
1742741506237 156.72598266601562 115
1742741512982 109.38772583007812 116
1742741519591 183.02235412597656 117
1742741524110 38.767852783203125 118
1742741530795 63.22469711303711 119
1742741537608 115.11283111572266 120
1742741544264 142.1024932861328 121
1742741549281 109.59768676757812 122
1742741556364 154.24630737304688 123
1742741563157 169.5254364013672 124
1742741569373 129.93946838378906 125
1742741576047 182.24337768554688 126
1742741582695 94.56909942626953 127
1742741589419 154.84103393554688 128
1742741595713 116.58972930908203 129
1742741601408 128.3919677734375 130
1742741607354 127.1311264038086 131
1742741614091 141.34658813476562 132
1742741620262 93.54054260253906 133
1742741627139 94.4443130493164 134
1742741633838 129.880615234375 135
1742741640450 188.60337829589844 136
1742741647211 111.91736602783203 137
1742741652506 118.82229614257812 138
1742741658903 143.08883666992188 139
1742741665492 112.70183563232422 140
1742741670967 98.53702545166016 141
1742741676871 167.5180206298828 142
1742741683681 112.51211547851562 143
1742741689992 135.50381469726562 144
1742741696350 84.52996063232422 145
1742741703462 150.97254943847656 146
1742741709914 125.11177062988281 147
1742741716128 138.9884796142578 148
1742741721863 148.01284790039062 149
1742741728472 100.81731414794922 150
1742741734188 149.34744262695312 151
1742741739754 76.7453384399414 152
1742741745824 131.72439575195312 153
1742741752967 214.23489379882812 154
1742741759070 118.36540985107422 155
1742741765632 193.19920349121094 156
1742741772660 215.91073608398438 157
1742741779128 76.15327453613281 158
1742741785588 107.25898742675781 159
1742741791298 141.18870544433594 160
1742741797893 126.76435089111328 161
1742741803378 164.98374938964844 162
1742741810326 113.38188171386719 163
1742741817225 86.03426361083984 164
1742741822898 132.55618286132812 165
1742741829779 183.7333221435547 166
1742741836846 133.12875366210938 167
1742741843344 155.33921813964844 168
1742741848302 100.18004608154297 169
1742741855120 89.37455749511719 170
1742741861754 47.84585189819336 171
1742741866313 94.71080017089844 172
1742741872379 84.911865234375 173
1742741878666 96.70350646972656 174
1742741885693 161.66490173339844 175
1742741892080 131.75064086914062 176
1742741899586 186.09288024902344 177
1742741906476 134.3013458251953 178
1742741910663 153.64674377441406 179
1742741917439 172.76608276367188 180
1742741924094 160.39801025390625 181
1742741930587 119.92672729492188 182
1742741937089 213.97923278808594 183
1742741943540 114.42174530029297 184
1742741950073 109.9555435180664 185
1742741957126 191.1571807861328 186
1742741963554 168.78805541992188 187
1742741968886 139.38116455078125 188
1742741975390 93.84019470214844 189
1742741982184 140.32232666015625 190
1742741988709 173.81088256835938 191
1742741994574 120.56866455078125 192
1742742000938 220.6222686767578 193
1742742007024 131.1391143798828 194
1742742011662 153.96766662597656 195
1742742018101 199.51129150390625 196
1742742023979 108.63320922851562 197
1742742030014 187.6310577392578 198
1742742037633 179.8553466796875 199
1742742041975 188.5463104248047 200
1742742048412 138.60890197753906 201
1742742055025 197.55230712890625 202
1742742061507 147.68067932128906 203
1742742068751 187.6451416015625 204
1742742075515 219.28648376464844 205
1742742082459 111.7836685180664 206
1742742088936 164.26441955566406 207
1742742095544 161.9806671142578 208
1742742102529 168.90423583984375 209
1742742107997 174.97462463378906 210
1742742115388 185.19847106933594 211
1742742120750 136.73377990722656 212
1742742127097 194.9264678955078 213
1742742133084 247.00762939453125 214
1742742139271 122.2293930053711 215
1742742146349 199.2933807373047 216
1742742152736 200.1451416015625 217
1742742158139 151.47665405273438 218
1742742164596 193.18263244628906 219
1742742170934 175.07386779785156 220
1742742177519 183.4112548828125 221
1742742184062 240.97943115234375 222
1742742190624 255.699951171875 223
1742742197319 169.46099853515625 224
1742742203735 160.25697326660156 225
1742742210309 271.278076171875 226
1742742216961 150.75860595703125 227
1742742223499 232.73663330078125 228
1742742230499 183.26852416992188 229
1742742237126 268.3446350097656 230
1742742242829 149.1990966796875 231
1742742249545 173.6639862060547 232
1742742256117 85.86743927001953 233
1742742261764 92.11063385009766 234
1742742267257 186.43031311035156 235
1742742273864 133.5675506591797 236
1742742279971 182.25033569335938 237
1742742286564 201.5804443359375 238
1742742293217 180.6210174560547 239
1742742299907 211.72702026367188 240
1742742306813 182.8240203857422 241
1742742312847 151.73101806640625 242
1742742319245 142.54959106445312 243
1742742324601 170.17601013183594 244
1742742331366 275.5327453613281 245
1742742338020 220.0173797607422 246
1742742344787 197.12071228027344 247
1742742351568 112.99108123779297 248
1742742356941 210.33314514160156 249
1742742364004 161.73370361328125 250
1742742370559 158.770751953125 251
1742742376172 160.58233642578125 252
1742742382565 178.1161651611328 253
1742742389316 144.93359375 254
1742742395846 188.36837768554688 255
1742742402741 108.17910766601562 256
1742742409302 150.02874755859375 257
1742742415201 95.85519409179688 258
1742742420156 92.70159149169922 259
1742742427308 241.0057830810547 260
1742742432960 83.45484924316406 261
1742742437439 79.2559814453125 262
1742742443931 109.18722534179688 263
1742742450595 162.82504272460938 264
1742742457132 270.57781982421875 265
1742742463662 152.43621826171875 266
1742742470235 251.84835815429688 267
1742742476518 142.3436279296875 268
1742742482965 227.44415283203125 269
1742742489575 216.35841369628906 270
1742742496097 142.6571044921875 271
1742742502375 192.60797119140625 272
1742742507868 131.33250427246094 273
1742742513237 195.26901245117188 274
1742742519602 125.16350555419922 275
1742742526713 144.15296936035156 276
1742742531137 115.21703338623047 277
1742742537490 122.82989501953125 278
1742742541897 141.3408660888672 279
1742742548746 110.7190170288086 280
1742742555338 207.77792358398438 281
1742742562076 159.82659912109375 282
1742742568993 113.08544158935547 283
1742742575832 246.1461181640625 284
1742742582129 186.65966796875 285
1742742588678 233.27296447753906 286
1742742593560 175.50091552734375 287
1742742600864 171.52926635742188 288
1742742607391 90.69017791748047 289
1742742613332 119.44908905029297 290
1742742619693 181.63742065429688 291
1742742624468 109.26881408691406 292
1742742631352 132.09689331054688 293
1742742637775 267.8175354003906 294
1742742644230 218.367431640625 295
1742742649999 197.27236938476562 296
1742742656509 195.9656524658203 297
1742742663226 135.572998046875 298
1742742668747 109.78840637207031 299
1742742675162 156.864990234375 300
1742742681766 142.32254028320312 301
1742742686051 114.6833724975586 302
1742742692025 221.12094116210938 303
1742742698663 214.44593811035156 304
1742742705310 161.78805541992188 305
1742742711029 244.1866455078125 306
1742742716242 126.70600128173828 307
1742742722441 116.70506286621094 308
1742742727968 168.43115234375 309
1742742733614 122.78453826904297 310
1742742740271 271.23956298828125 311
1742742746568 203.0628662109375 312
1742742752958 225.7957000732422 313
1742742759590 149.06744384765625 314
1742742766170 176.21829223632812 315
1742742772722 214.85365295410156 316
1742742779423 194.00579833984375 317
1742742785899 161.81494140625 318
1742742792443 206.37765502929688 319
1742742799341 174.8821258544922 320
1742742805838 104.39097595214844 321
1742742811924 98.84739685058594 322
1742742818785 175.8180389404297 323
1742742822848 139.13497924804688 324
1742742829443 83.97068786621094 325
1742742836374 149.9407196044922 326
1742742842860 232.4755096435547 327
1742742849641 237.49667358398438 328
1742742855834 141.22848510742188 329
1742742862614 121.46141815185547 330
1742742867990 167.96826171875 331
1742742874482 262.2844543457031 332
1742742879991 158.3900909423828 333
1742742886686 139.9287567138672 334
1742742891611 134.85025024414062 335
1742742898515 197.01889038085938 336
1742742905159 157.99952697753906 337
1742742911191 191.37257385253906 338
1742742917611 300.4962158203125 339
1742742922972 149.8176727294922 340
1742742927833 152.1686553955078 341
1742742934320 127.49644470214844 342
1742742940884 118.7773208618164 343
1742742947464 261.5791931152344 344
1742742953754 135.46395874023438 345
1742742960307 220.31057739257812 346
1742742966747 241.9908905029297 347
1742742973284 227.4349365234375 348
1742742979589 169.46246337890625 349
1742742983632 200.04762268066406 350
1742742990057 196.12278747558594 351
1742742996807 264.4349365234375 352
1742743003379 163.7817840576172 353
1742743009385 121.36382293701172 354
1742743016356 271.8900146484375 355
1742743022854 177.59048461914062 356
1742743029891 223.11924743652344 357
1742743036500 176.5620574951172 358
1742743042819 201.7374267578125 359
1742743047235 60.12394332885742 360
1742743053738 218.83973693847656 361
1742743060813 275.25347900390625 362
1742743067527 199.78082275390625 363
1742743074341 126.2734375 364
1742743079882 160.3134002685547 365
1742743086230 146.00057983398438 366
1742743093291 173.96755981445312 367
1742743099850 208.3345184326172 368
1742743106387 158.62213134765625 369
1742743112796 232.26205444335938 370
1742743119270 225.4355010986328 371
1742743124387 181.83677673339844 372
1742743130316 121.38752746582031 373
1742743136965 203.74139404296875 374
1742743143722 242.98684692382812 375
1742743149256 207.04931640625 376
1742743154386 100.09735870361328 377
1742743160132 170.816162109375 378
1742743166597 241.33851623535156 379
1742743173375 192.6994171142578 380
1742743179803 146.74932861328125 381
1742743186424 137.640380859375 382
1742743191844 191.72482299804688 383
1742743198664 220.978515625 384
1742743205399 128.51548767089844 385
1742743212160 210.53854370117188 386
1742743217736 170.35244750976562 387
1742743224605 219.6734619140625 388
1742743231048 170.04798889160156 389
1742743237519 227.05892944335938 390
1742743244468 209.4362030029297 391
1742743250078 231.8797149658203 392
1742743256614 130.2064208984375 393
1742743263019 152.8838348388672 394
1742743270014 191.93234252929688 395
1742743277002 302.4826965332031 396
1742743281753 109.87786102294922 397
1742743287308 153.6575469970703 398
1742743293822 166.66970825195312 399
1742743300747 234.72596740722656 400
1742743306707 208.75230407714844 401
1742743312486 107.70425415039062 402
1742743319299 191.0572052001953 403
1742743325186 174.94412231445312 404
1742743331929 138.57118225097656 405
1742743338511 188.97312927246094 406
1742743345161 182.43829345703125 407
1742743352247 142.2483673095703 408
1742743358820 163.28375244140625 409
1742743365249 165.85643005371094 410
1742743371729 320.95196533203125 411
1742743378151 176.82302856445312 412
1742743384626 131.49929809570312 413
1742743391678 97.3687973022461 414
1742743398272 236.15147399902344 415
1742743402328 164.9535675048828 416
1742743409160 179.5938262939453 417
1742743415693 206.3610382080078 418
1742743422670 235.28248596191406 419
1742743428203 172.43106079101562 420
1742743434635 177.4044952392578 421
1742743441145 315.6426086425781 422
1742743448128 337.85137939453125 423
1742743454589 184.04046630859375 424
1742743461317 113.67095184326172 425
1742743467554 100.68704986572266 426
1742743474458 230.43881225585938 427
1742743481049 154.4796600341797 428
1742743486893 195.81243896484375 429
1742743493379 133.140380859375 430
1742743500067 171.36680603027344 431
1742743506716 179.9045867919922 432
1742743513981 153.1964111328125 433
1742743521026 177.22589111328125 434
1742743527922 192.75912475585938 435
1742743534679 139.22633361816406 436
1742743541255 216.3326416015625 437
1742743547983 221.63352966308594 438
1742743554598 272.4636535644531 439
1742743559697 119.47746276855469 440
1742743566260 214.16087341308594 441
1742743572977 239.54627990722656 442
1742743579734 215.32089233398438 443
1742743585503 170.33731079101562 444
1742743592403 113.15733337402344 445
1742743598164 166.09286499023438 446
1742743605038 188.90814208984375 447
1742743611578 163.5620880126953 448
1742743617458 133.52554321289062 449
1742743624095 215.05435180664062 450
1742743630742 150.23648071289062 451
1742743637339 230.9928741455078 452
1742743643842 166.5390167236328 453
1742743649609 92.27600860595703 454
1742743655289 83.52748107910156 455
1742743661933 156.0406951904297 456
1742743667939 226.90396118164062 457
1742743674957 168.45843505859375 458
1742743681716 194.02801513671875 459
1742743686194 148.21237182617188 460
1742743693055 195.80125427246094 461
1742743699641 151.42478942871094 462
1742743706141 215.87701416015625 463
1742743712694 221.2797393798828 464
1742743719320 178.12750244140625 465
1742743725927 240.75965881347656 466
1742743732428 156.10243225097656 467
1742743739271 181.92152404785156 468
1742743746298 142.5677490234375 469
1742743752193 171.50390625 470
1742743758466 240.55078125 471
1742743764917 160.8793487548828 472
1742743770983 140.6843719482422 473
1742743777312 144.5354461669922 474
1742743783332 82.62164306640625 475
1742743790186 154.47984313964844 476
1742743796064 103.69963073730469 477
1742743802645 193.07351684570312 478
1742743809123 177.3174591064453 479
1742743815072 150.1040802001953 480
1742743821876 137.56658935546875 481
1742743828459 198.62887573242188 482
1742743835377 110.85769653320312 483
1742743841974 247.3958740234375 484
1742743848899 297.49664306640625 485
1742743853051 170.69554138183594 486
1742743859699 201.8167266845703 487
1742743866216 182.51402282714844 488
1742743872488 162.8236541748047 489
1742743878978 223.38681030273438 490
1742743885558 131.3636016845703 491
1742743892003 80.18518829345703 492
1742743897109 143.56512451171875 493
1742743903694 121.45279693603516 494
1742743910404 193.24534606933594 495
1742743917086 104.3332748413086 496
1742743922331 108.18350219726562 497
1742743928237 99.45771026611328 498
1742743934320 180.60519409179688 499
1742743940919 217.9569854736328 500
1742743946880 176.39093017578125 501
1742743953297 206.69467163085938 502
1742743959736 100.57239532470703 503
1742743966352 188.8671112060547 504
1742743972930 195.04800415039062 505
1742743979452 155.13084411621094 506
1742743986211 191.67506408691406 507
1742743992803 99.30874633789062 508
1742743997915 142.1805877685547 509
1742744004834 243.0402374267578 510
1742744010788 127.61329650878906 511
1742744016058 112.48572540283203 512
1742744021166 113.64959716796875 513
1742744027463 143.208984375 514
1742744034094 295.8918151855469 515
1742744040813 221.0114288330078 516
1742744047441 160.59136962890625 517
1742744053891 136.0324249267578 518
1742744060695 188.42041015625 519
1742744067255 231.3374786376953 520
1742744073790 144.20445251464844 521
1742744080440 226.19644165039062 522
1742744087004 208.01686096191406 523
1742744093460 220.85653686523438 524
1742744099270 185.53091430664062 525
1742744104420 99.15724182128906 526
1742744111060 139.9564971923828 527
1742744117523 76.455322265625 528
1742744124129 230.36212158203125 529
1742744130996 256.0459289550781 530
1742744137602 145.13662719726562 531
1742744144283 137.9698486328125 532
1742744149251 124.66727447509766 533
1742744155996 186.30628967285156 534
1742744162798 201.93951416015625 535
1742744169842 192.23800659179688 536
1742744176533 259.65289306640625 537
1742744182052 121.12842559814453 538
1742744188160 215.19671630859375 539
1742744194507 124.59251403808594 540
1742744201404 139.9001922607422 541
1742744208418 147.1087188720703 542
1742744215102 157.0420379638672 543
1742744221458 161.4857635498047 544
1742744228038 170.4727020263672 545
1742744234334 184.149658203125 546
1742744241090 209.74603271484375 547
1742744247590 77.10960388183594 548
1742744254130 189.03402709960938 549
1742744260673 184.5479278564453 550
1742744265092 114.08964538574219 551
1742744271436 136.959716796875 552
1742744278161 194.2698211669922 553
1742744283678 115.6124038696289 554
1742744290173 176.30914306640625 555
1742744295707 174.60499572753906 556
1742744302679 180.1964111328125 557
1742744308773 211.9131622314453 558
1742744314613 173.03968811035156 559
1742744321144 160.23106384277344 560
1742744328386 163.67665100097656 561
1742744334897 191.25091552734375 562
1742744340238 204.93296813964844 563
1742744346767 115.02442932128906 564
1742744353460 224.3180694580078 565
1742744359645 102.11161041259766 566
1742744366721 169.74063110351562 567
1742744373165 145.4599151611328 568
1742744380300 204.68846130371094 569
1742744386887 226.53237915039062 570
1742744393402 202.12924194335938 571
1742744399404 212.7281951904297 572
1742744405982 104.21094512939453 573
1742744412653 247.36257934570312 574
1742744419164 233.4549560546875 575
1742744424940 135.70651245117188 576
1742744430963 184.8248291015625 577
1742744437723 132.0263671875 578
1742744443896 156.7447509765625 579
1742744450570 264.0675964355469 580
1742744457681 157.55140686035156 581
1742744464110 132.53553771972656 582
1742744471170 110.74617767333984 583
1742744477993 163.8829345703125 584
1742744484352 169.9700469970703 585
1742744489721 128.8329315185547 586
1742744496204 274.586181640625 587
1742744502727 207.02880859375 588
1742744509291 220.6080322265625 589
1742744515696 208.96702575683594 590
1742744522304 173.05575561523438 591
1742744528272 146.09814453125 592
1742744533434 134.7574462890625 593
1742744539706 230.7821807861328 594
1742744546736 203.558837890625 595
1742744553340 154.69613647460938 596
1742744560075 170.38987731933594 597
1742744566739 164.79014587402344 598
1742744573606 273.3173522949219 599
1742744579954 159.31497192382812 600
1742744586432 217.36981201171875 601
1742744591701 115.63895416259766 602
1742744598097 221.7899932861328 603
1742744605074 312.782958984375 604
1742744611488 146.79885864257812 605
1742744616562 149.18955993652344 606
1742744624032 183.4378662109375 607
1742744631007 125.50240325927734 608
1742744637670 203.7256317138672 609
1742744642457 224.51327514648438 610
1742744648938 166.09246826171875 611
1742744655596 168.34349060058594 612
1742744662136 244.24554443359375 613
1742744668662 127.8543701171875 614
1742744675288 166.96066284179688 615
1742744680006 187.120361328125 616
1742744686789 180.3394012451172 617
1742744693140 158.4194793701172 618
1742744700060 168.80630493164062 619
1742744706643 126.26959991455078 620
1742744713397 128.57852172851562 621
1742744718549 138.6349334716797 622
1742744725961 110.68128204345703 623
1742744732557 200.66799926757812 624
1742744739113 98.70364379882812 625
1742744744898 93.71612548828125 626
1742744751853 185.8560028076172 627
1742744758896 283.8487243652344 628
1742744764933 108.18396759033203 629
1742744771608 148.23141479492188 630
1742744778152 156.58810424804688 631
1742744784674 195.48773193359375 632
1742744791575 265.4663391113281 633
1742744796524 133.7095947265625 634
1742744803697 159.26145935058594 635
1742744810152 166.5392608642578 636
1742744816720 220.408935546875 637
1742744823466 144.7400360107422 638
1742744829899 237.91421508789062 639
1742744837048 193.7266387939453 640
1742744843616 151.58209228515625 641
1742744849933 134.75723266601562 642
1742744856845 216.88497924804688 643
1742744861976 156.03915405273438 644
1742744868018 83.97247314453125 645
1742744874414 144.47483825683594 646
1742744880077 189.12123107910156 647
1742744886761 162.1125030517578 648
1742744893378 160.3542938232422 649
1742744900096 241.925537109375 650
1742744906371 149.1896209716797 651
1742744913047 143.67440795898438 652
1742744918991 176.8202362060547 653
1742744924140 231.4528045654297 654
1742744930815 175.3123779296875 655
1742744937688 168.7947235107422 656
1742744944444 294.8534851074219 657
1742744950962 162.37855529785156 658
1742744958047 134.6720428466797 659
1742744964703 158.84716796875 660
1742744970851 94.64987182617188 661
1742744977431 215.63092041015625 662
1742744984320 167.74127197265625 663
1742744990984 160.71925354003906 664
1742744997491 182.6489715576172 665
1742745004149 238.6946258544922 666
1742745011039 253.49681091308594 667
1742745017350 255.8219757080078 668
1742745024186 182.88162231445312 669
1742745030825 167.72190856933594 670
1742745037496 150.5025177001953 671
1742745041992 178.1675262451172 672
1742745048502 183.77450561523438 673
1742745055074 268.7585754394531 674
1742745061587 176.7191162109375 675
1742745068268 136.37368774414062 676
1742745074926 154.57614135742188 677
1742745081863 113.26737976074219 678
1742745086513 134.5846710205078 679
1742745092943 307.43707275390625 680
1742745099608 115.61331939697266 681
1742745106272 132.13279724121094 682
1742745112823 179.1265106201172 683
1742745119535 259.4040222167969 684
1742745124133 166.3321533203125 685
1742745130064 193.32162475585938 686
1742745136412 132.7200927734375 687
1742745142894 215.64871215820312 688
1742745147862 186.75103759765625 689
1742745154612 242.23081970214844 690
1742745161261 118.82479858398438 691
1742745168336 192.98516845703125 692
1742745175290 192.91946411132812 693
1742745182028 204.54464721679688 694
1742745188505 198.5142364501953 695
1742745195154 144.35386657714844 696
1742745201749 245.92214965820312 697
1742745208537 167.26895141601562 698
1742745214974 143.19210815429688 699
1742745221406 271.8102722167969 700
1742745228415 187.7454376220703 701
1742745233249 146.31063842773438 702
1742745240060 261.271240234375 703
1742745245984 211.2013397216797 704
1742745252388 236.84979248046875 705
1742745259144 206.06752014160156 706
1742745263744 79.76443481445312 707
1742745270441 156.14901733398438 708
1742745277035 200.28297424316406 709
1742745283634 276.9416809082031 710
1742745290233 116.12205505371094 711
1742745296787 229.44601440429688 712
1742745303545 184.31198120117188 713
1742745308294 108.46138763427734 714
1742745314967 154.4552459716797 715
1742745320728 101.52275085449219 716
1742745327515 237.44854736328125 717
1742745333976 133.20486450195312 718
1742745339294 154.1890106201172 719
1742745345905 121.338134765625 720
1742745352851 270.5113525390625 721
1742745359817 192.73623657226562 722
1742745366846 167.3727264404297 723
1742745373379 234.43675231933594 724
1742745380380 162.07705688476562 725
1742745387010 143.69619750976562 726
1742745392955 149.95523071289062 727
1742745398168 176.85366821289062 728
1742745404133 67.57677459716797 729
1742745410821 98.24113464355469 730
1742745417311 84.63623809814453 731
1742745423820 175.62257385253906 732
1742745430595 203.4823760986328 733
1742745437302 134.8163604736328 734
1742745441719 191.09561157226562 735
1742745448593 158.07528686523438 736
1742745455461 173.99591064453125 737
1742745461933 224.1034698486328 738
1742745467065 102.72088623046875 739
1742745473624 146.59719848632812 740
1742745480295 209.48040771484375 741
1742745486902 112.66336822509766 742
1742745493459 246.79339599609375 743
1742745500328 162.42813110351562 744
1742745506215 186.4307098388672 745
1742745511906 116.09101104736328 746
1742745518913 177.89007568359375 747
1742745524298 271.5465393066406 748
1742745530940 146.40708923339844 749
1742745537932 161.27584838867188 750
1742745543359 234.84298706054688 751
1742745549930 136.81820678710938 752
1742745556573 194.1056365966797 753
1742745562525 172.6398162841797 754
1742745569251 138.428955078125 755
1742745575945 223.1172332763672 756
1742745581758 185.8723907470703 757
1742745587150 177.02291870117188 758
1742745593948 66.50530242919922 759
1742745600999 173.88973999023438 760
1742745606233 103.35045623779297 761
1742745613202 160.94322204589844 762
1742745619240 235.7328643798828 763
1742745626387 154.12417602539062 764
1742745633275 159.44789123535156 765
1742745639859 288.47119140625 766
1742745645972 119.33902740478516 767
1742745652450 121.55230712890625 768
1742745659329 164.1983184814453 769
1742745665944 131.8279571533203 770
1742745671345 114.20686340332031 771
1742745678240 166.02980041503906 772
1742745685085 262.2488098144531 773
1742745691741 287.8583984375 774
1742745697370 179.24435424804688 775
1742745702285 134.95068359375 776
1742745708791 202.07875061035156 777
1742745715360 164.0609130859375 778
1742745722287 162.0380096435547 779
1742745729024 187.38980102539062 780
1742745735697 219.12646484375 781
1742745741328 164.93191528320312 782
1742745747958 165.45851135253906 783
1742745754603 215.7110595703125 784
1742745760994 103.01117706298828 785
1742745767860 252.8212432861328 786
1742745774310 236.80335998535156 787
1742745780917 115.34823608398438 788
1742745786534 163.7518310546875 789
1742745791621 193.29652404785156 790
1742745798311 220.10560607910156 791
1742745805169 213.1470947265625 792
1742745810002 59.907161712646484 793
1742745816476 201.91720581054688 794
1742745823087 116.55907440185547 795
1742745829933 99.4642105102539 796
1742745836495 168.18846130371094 797
1742745843386 163.28526306152344 798
1742745849918 210.1483612060547 799
1742745856444 101.93869018554688 800
1742745863194 196.4146728515625 801
1742745868059 184.90078735351562 802
1742745874727 117.13054656982422 803
1742745881271 145.474365234375 804
1742745888079 210.5315399169922 805
1742745894699 112.81256103515625 806
1742745900955 136.259033203125 807
1742745908394 175.33541870117188 808
1742745914013 176.06346130371094 809
1742745919282 214.6612091064453 810
1742745925800 140.2939453125 811
1742745931929 106.86519622802734 812
1742745938614 118.20549011230469 813
1742745945284 165.4565887451172 814
1742745950356 114.65200805664062 815
1742745957006 129.92550659179688 816
1742745963391 212.85348510742188 817
1742745970151 119.8665542602539 818
1742745974944 140.0411376953125 819
1742745981499 143.78492736816406 820
1742745986815 183.5200653076172 821
1742745993429 217.92555236816406 822
1742746000147 155.966796875 823
1742746007268 198.50018310546875 824
1742746014285 173.49713134765625 825
1742746020929 161.55674743652344 826
1742746027409 147.33689880371094 827
1742746033845 135.16429138183594 828
1742746040492 182.33749389648438 829
1742746046554 189.920654296875 830
1742746053047 196.0556640625 831
1742746059696 121.97331237792969 832
1742746066476 249.05233764648438 833
1742746073587 215.57577514648438 834
1742746078191 88.03402709960938 835
1742746084688 219.45045471191406 836
1742746089429 111.65947723388672 837
1742746095918 136.61639404296875 838
1742746101882 188.3202362060547 839
1742746108624 173.1973114013672 840
1742746115373 120.39215087890625 841
1742746120057 261.7344055175781 842
1742746127309 146.97354125976562 843
1742746133791 117.91325378417969 844
1742746138924 101.48980712890625 845
1742746145877 215.88690185546875 846
1742746152437 200.7557373046875 847
1742746157348 189.02920532226562 848
1742746164167 141.84866333007812 849
1742746170692 163.52833557128906 850
1742746177307 190.7925262451172 851
1742746184096 205.8155517578125 852
1742746188941 248.5710906982422 853
1742746194890 156.04917907714844 854
1742746200378 168.47772216796875 855
1742746206075 207.42648315429688 856
1742746212484 150.25497436523438 857
1742746219134 127.14444732666016 858
1742746223217 135.930908203125 859
1742746229942 144.79147338867188 860
1742746236510 174.4024200439453 861
1742746243001 188.6116180419922 862
1742746249672 234.5348358154297 863
1742746256258 189.8553466796875 864
1742746262624 210.76766967773438 865
1742746268969 162.09141540527344 866
1742746275765 211.30735778808594 867
1742746282302 155.18080139160156 868
1742746288838 207.17564392089844 869
1742746294346 126.90142822265625 870
1742746301008 122.96855926513672 871
1742746307896 219.62220764160156 872
1742746314635 215.0831756591797 873
1742746319614 119.99698638916016 874
1742746326276 163.2337188720703 875
1742746332667 155.1592559814453 876
1742746338127 140.73312377929688 877
1742746343611 150.9319610595703 878
1742746349922 100.0311508178711 879
1742746356485 160.09494018554688 880
1742746363560 190.58135986328125 881
1742746367636 199.20614624023438 882
1742746374327 237.07534790039062 883
1742746381091 93.82889556884766 884
1742746387872 118.14434051513672 885
1742746392201 93.44705963134766 886
1742746398576 191.1038360595703 887
1742746404668 142.01515197753906 888
1742746410761 178.85992431640625 889
1742746417833 211.97789001464844 890
1742746424401 233.1553192138672 891
1742746430978 140.85122680664062 892
1742746437847 111.88103485107422 893
1742746444080 126.9261703491211 894
1742746450434 188.2172088623047 895
1742746456613 199.2296142578125 896
1742746461831 120.33649444580078 897
1742746468077 165.07427978515625 898
1742746474670 94.46239471435547 899
1742746481264 210.83868408203125 900
1742746487890 176.79776000976562 901
1742746494536 180.46951293945312 902
1742746501101 225.6021728515625 903
1742746507657 110.30343627929688 904
1742746513632 166.8771514892578 905
1742746520031 241.6737823486328 906
1742746525619 160.8335418701172 907
1742746532200 142.2828826904297 908
1742746538184 93.5731430053711 909
1742746544723 244.56214904785156 910
1742746548760 165.47735595703125 911
1742746555537 118.32710266113281 912
1742746561771 252.18467712402344 913
1742746566995 137.45538330078125 914
1742746573618 197.5621795654297 915
1742746580285 132.54656982421875 916
1742746586799 139.3365936279297 917
1742746593681 160.02049255371094 918
1742746600247 170.29086303710938 919
1742746606018 265.3634338378906 920
1742746612507 229.991943359375 921
1742746619233 163.1085968017578 922
1742746625175 175.62464904785156 923
1742746631750 124.90152740478516 924
1742746636534 179.20794677734375 925
1742746643056 187.51055908203125 926
1742746649994 200.9256134033203 927
1742746656151 150.4246063232422 928
1742746662274 151.1788787841797 929
1742746668610 201.4537811279297 930
1742746675211 113.2845458984375 931
1742746681081 193.67922973632812 932
1742746687725 177.3660888671875 933
1742746694514 206.68873596191406 934
1742746701162 195.97604370117188 935
1742746708134 176.26473999023438 936
1742746714750 95.81507873535156 937
1742746720580 235.0194854736328 938
1742746726344 258.99884033203125 939
1742746733360 177.439697265625 940
1742746739139 88.50727081298828 941
1742746746094 205.21075439453125 942
1742746752812 183.84071350097656 943
1742746758182 139.85086059570312 944
1742746763795 138.781982421875 945
1742746770372 270.47528076171875 946
1742746776915 138.4033203125 947
1742746783408 254.22772216796875 948
1742746790259 200.95606994628906 949
1742746797458 165.1626434326172 950
1742746804128 174.13247680664062 951
1742746810833 149.64906311035156 952
1742746817326 164.3422393798828 953
1742746823845 180.0955047607422 954
1742746830444 233.27784729003906 955
1742746836719 180.79615783691406 956
1742746843793 174.9197235107422 957
1742746850289 155.43495178222656 958
1742746857198 192.4676513671875 959
1742746863788 164.44566345214844 960
1742746870146 193.32020568847656 961
1742746876939 154.4465789794922 962
1742746881704 140.94862365722656 963
1742746888538 177.44219970703125 964
1742746895380 166.28062438964844 965
1742746901204 209.67140197753906 966
1742746907728 188.81153869628906 967
1742746914313 213.0237274169922 968
1742746920937 167.94332885742188 969
1742746927390 208.01638793945312 970
1742746934200 129.49574279785156 971
1742746940841 139.21591186523438 972
1742746947596 117.56792449951172 973
1742746952453 241.85794067382812 974
1742746959245 129.7642822265625 975
1742746965887 169.25704956054688 976
1742746972631 109.32763671875 977
1742746978913 117.18189239501953 978
1742746983600 107.11100769042969 979
1742746989927 177.25779724121094 980
1742746996320 201.73492431640625 981
1742747003275 235.04360961914062 982
1742747009004 184.83059692382812 983
1742747015579 174.30650329589844 984
1742747022327 155.0957794189453 985
1742747028889 122.35302734375 986
1742747034679 136.80223083496094 987
1742747041335 161.1521759033203 988
1742747047930 146.81256103515625 989
1742747054787 211.22250366210938 990
1742747061258 160.436279296875 991
1742747067855 193.86167907714844 992
1742747072801 176.359375 993
1742747079286 143.47952270507812 994
1742747085160 155.35472106933594 995
1742747091625 146.21299743652344 996
1742747098227 153.85440063476562 997
1742747105188 220.77301025390625 998
1742747110822 140.03565979003906 999
1742747115884 139.87545776367188 1000
1742747122432 137.4712371826172 1001
1742747127950 127.15090942382812 1002
1742747134521 145.6204833984375 1003
1742747141103 233.71755981445312 1004
1742747147544 217.84100341796875 1005
1742747153994 229.0049591064453 1006
1742747160590 290.191162109375 1007
1742747166799 197.60426330566406 1008
1742747173351 129.3563690185547 1009
1742747179801 154.26792907714844 1010
1742747183982 170.1837921142578 1011
1742747190042 139.65548706054688 1012
1742747197027 209.4212646484375 1013
1742747203253 140.461181640625 1014
1742747209831 232.197998046875 1015
1742747214959 188.4619140625 1016
1742747221400 185.91299438476562 1017
1742747228073 221.368896484375 1018
1742747234859 180.34120178222656 1019
1742747240222 80.90082550048828 1020
1742747245413 145.70343017578125 1021
1742747252151 219.1209259033203 1022
1742747258369 157.0091552734375 1023
1742747265040 133.2986602783203 1024
1742747271376 183.0353240966797 1025
1742747278240 150.7156524658203 1026
1742747284945 185.5178985595703 1027
1742747291111 165.39608764648438 1028
1742747297738 251.73728942871094 1029
1742747304435 206.7288818359375 1030
1742747311169 134.06448364257812 1031
1742747317847 203.05345153808594 1032
1742747324447 167.66961669921875 1033
1742747328860 177.9224090576172 1034
1742747335574 157.73585510253906 1035
1742747342635 88.26810455322266 1036
1742747349124 157.31858825683594 1037
1742747355779 203.37696838378906 1038
1742747361794 95.87548828125 1039
1742747368834 149.98089599609375 1040
1742747375281 188.38394165039062 1041
1742747382265 157.05882263183594 1042
1742747388957 124.66433715820312 1043
1742747395529 281.7619934082031 1044
1742747402278 187.77310180664062 1045
1742747408802 170.60997009277344 1046
1742747415541 180.8998565673828 1047
1742747420965 179.4515380859375 1048
1742747427857 159.1279754638672 1049
1742747434121 207.37777709960938 1050
1742747440641 163.8704376220703 1051
1742747447231 256.2699279785156 1052
1742747453719 227.60614013671875 1053
1742747459925 214.61651611328125 1054
1742747466182 111.90945434570312 1055
1742747471972 138.69100952148438 1056
1742747478587 160.92691040039062 1057
1742747485301 194.16012573242188 1058
1742747492175 125.38262939453125 1059
1742747498801 153.4910430908203 1060
1742747505397 112.9047622680664 1061
1742747511903 149.49183654785156 1062
1742747518441 217.01866149902344 1063
1742747525193 229.88710021972656 1064
1742747532014 165.65438842773438 1065
1742747538707 168.8734130859375 1066
1742747545532 98.16050720214844 1067
1742747552019 186.1898193359375 1068
1742747558506 240.11517333984375 1069
1742747565381 152.34829711914062 1070
1742747570612 124.51522064208984 1071
1742747577219 81.87232208251953 1072
1742747583763 199.43431091308594 1073
1742747590631 211.2930908203125 1074
1742747596515 149.2637176513672 1075
1742747603090 194.22271728515625 1076
1742747608675 135.58529663085938 1077
1742747615344 171.8747100830078 1078
1742747620634 225.39498901367188 1079
1742747627246 181.58485412597656 1080
1742747634266 159.1644744873047 1081
1742747639168 141.01632690429688 1082
1742747645586 196.17677307128906 1083
1742747652204 131.00523376464844 1084
1742747658044 231.76345825195312 1085
1742747664614 206.21994018554688 1086
1742747671135 143.28042602539062 1087
1742747677775 145.88116455078125 1088
1742747684487 169.2692108154297 1089
1742747691252 168.24374389648438 1090
1742747695585 138.82958984375 1091
1742747701836 126.1053695678711 1092
1742747708655 147.3955078125 1093
1742747715299 181.32774353027344 1094
1742747721644 109.80198669433594 1095
1742747728374 250.23890686035156 1096
1742747735239 151.81777954101562 1097
1742747741685 176.3038330078125 1098
1742747748270 200.04029846191406 1099
1742747754853 189.6324005126953 1100
1742747761486 293.2216491699219 1101
1742747767114 173.49502563476562 1102
1742747773656 197.6582489013672 1103
1742747780221 217.4204864501953 1104
1742747784739 98.26881408691406 1105
1742747791197 198.13340759277344 1106
1742747797909 125.92315673828125 1107
1742747804599 238.0193328857422 1108
1742747811197 202.94717407226562 1109
1742747818147 153.00477600097656 1110
1742747824520 134.3168487548828 1111
1742747831275 209.57696533203125 1112
1742747837390 127.69112396240234 1113
1742747843973 155.97300720214844 1114
1742747848914 127.70817565917969 1115
1742747854746 207.0605010986328 1116
1742747861300 163.96058654785156 1117
1742747867930 131.1029052734375 1118
1742747874419 127.07754516601562 1119
1742747881009 265.2696838378906 1120
1742747887674 192.113037109375 1121
1742747894305 214.05264282226562 1122
1742747900159 154.686767578125 1123
1742747906262 226.18675231933594 1124
1742747910575 197.32247924804688 1125
1742747917487 270.03466796875 1126
1742747924003 216.11331176757812 1127
1742747930544 123.25172424316406 1128
1742747937002 131.208740234375 1129
1742747943522 279.2221984863281 1130
1742747948103 131.08059692382812 1131
1742747955028 199.1331787109375 1132
1742747962065 200.08743286132812 1133
1742747967608 150.63565063476562 1134
1742747974458 162.7283477783203 1135
1742747981167 150.169677734375 1136
1742747987584 98.75247955322266 1137
1742747994104 145.61810302734375 1138
1742748000717 132.94459533691406 1139
1742748007443 172.24778747558594 1140
1742748014270 246.4751739501953 1141
1742748020543 162.23118591308594 1142
1742748025412 177.5139617919922 1143
1742748031941 189.6592559814453 1144
1742748038726 200.47862243652344 1145
1742748045336 201.3344268798828 1146
1742748051206 159.19351196289062 1147
1742748057761 126.75357055664062 1148
1742748063123 133.41839599609375 1149
1742748069853 140.8246612548828 1150
1742748076831 152.3136749267578 1151
1742748083476 168.81076049804688 1152
1742748090608 189.42462158203125 1153
1742748095153 112.4881591796875 1154
1742748101486 153.71530151367188 1155
1742748107951 129.02603149414062 1156
1742748114634 180.97735595703125 1157
1742748121435 125.12737274169922 1158
1742748126469 181.79885864257812 1159
1742748132626 249.91380310058594 1160
1742748139240 92.98262786865234 1161
1742748146192 127.43061828613281 1162
1742748151761 120.94023895263672 1163
1742748158406 175.4815216064453 1164
1742748163753 160.1346435546875 1165
1742748170287 165.25250244140625 1166
1742748176770 111.09417724609375 1167
1742748182892 114.06080627441406 1168
1742748187924 157.31675720214844 1169
1742748195121 243.12625122070312 1170
1742748201528 111.98723602294922 1171
1742748207251 140.80987548828125 1172
1742748213631 146.6074981689453 1173
1742748220440 170.6634979248047 1174
1742748227132 222.50479125976562 1175
1742748233770 180.6556854248047 1176
1742748239492 161.0919952392578 1177
1742748244438 141.80274963378906 1178
1742748251131 189.01422119140625 1179
1742748257483 114.55933380126953 1180
1742748264158 155.10638427734375 1181
1742748270406 123.4327392578125 1182
1742748276974 179.44313049316406 1183
1742748283655 253.5989227294922 1184
1742748290101 226.44544982910156 1185
1742748295811 126.0879898071289 1186
1742748302601 232.35787963867188 1187
1742748309247 163.15231323242188 1188
1742748315872 157.40841674804688 1189
1742748322615 156.9557647705078 1190
1742748328013 166.9921112060547 1191
1742748334070 113.40339660644531 1192
1742748341038 209.4619598388672 1193
1742748346680 143.32862854003906 1194
1742748352624 307.75421142578125 1195
1742748358754 164.2890167236328 1196
1742748365723 186.06991577148438 1197
1742748372661 143.50445556640625 1198
1742748378851 170.69268798828125 1199
1742748384498 111.6917724609375 1200
1742748391098 162.570068359375 1201
1742748396842 124.27536010742188 1202
1742748402791 161.8086700439453 1203
1742748409787 172.31114196777344 1204
1742748415141 173.6585235595703 1205
1742748420665 242.76568603515625 1206
1742748427374 151.4949951171875 1207
1742748434408 172.23129272460938 1208
1742748441052 188.65829467773438 1209
1742748447824 176.51791381835938 1210
1742748454249 195.47833251953125 1211
1742748460014 202.41903686523438 1212
1742748464700 191.17576599121094 1213
1742748471437 136.4072723388672 1214
1742748478462 177.23526000976562 1215
1742748484106 198.7373504638672 1216
1742748490742 223.6709442138672 1217
1742748496683 181.68020629882812 1218
1742748503117 152.69578552246094 1219
1742748509955 244.36720275878906 1220
1742748516011 95.39179229736328 1221
1742748522594 168.56204223632812 1222
1742748526970 159.7681121826172 1223
1742748533574 128.9877166748047 1224
1742748540116 225.45706176757812 1225
1742748546787 144.6980438232422 1226
1742748553587 228.6112060546875 1227
1742748559618 173.48570251464844 1228
1742748566440 222.75167846679688 1229
1742748570896 108.7749252319336 1230
1742748576528 93.46480560302734 1231
1742748582476 115.37293243408203 1232
1742748587950 141.1453094482422 1233
1742748594604 221.24562072753906 1234
1742748600234 114.67538452148438 1235
1742748606919 260.8676452636719 1236
1742748612604 199.9916229248047 1237
1742748618563 161.72998046875 1238
1742748625229 155.60789489746094 1239
1742748631779 135.83714294433594 1240
1742748637156 127.42632293701172 1241
1742748644063 195.61773681640625 1242
1742748650626 147.60548400878906 1243
1742748657633 238.33006286621094 1244
1742748664201 137.6997833251953 1245
1742748670842 190.4970703125 1246
1742748677304 240.0310516357422 1247
1742748683179 112.9942398071289 1248
1742748689620 153.81646728515625 1249
1742748696241 138.03575134277344 1250
1742748703336 149.98178100585938 1251
1742748710063 209.19607543945312 1252
1742748715476 209.88636779785156 1253
1742748722332 212.58749389648438 1254
1742748728917 216.34036254882812 1255
1742748734256 141.57208251953125 1256
1742748740983 126.85240173339844 1257
1742748747531 215.29339599609375 1258
1742748753970 145.7625732421875 1259
1742748759471 103.00383758544922 1260
1742748766049 133.24752807617188 1261
1742748772613 169.2472381591797 1262
1742748777033 161.2391815185547 1263
1742748783523 206.84957885742188 1264
1742748790197 216.04953002929688 1265
1742748795771 215.46791076660156 1266
1742748802173 169.62681579589844 1267
1742748809086 127.30916595458984 1268
1742748815619 199.61659240722656 1269
1742748822382 188.03012084960938 1270
1742748829381 124.80427551269531 1271
1742748835986 180.15098571777344 1272
1742748841895 147.2803192138672 1273
1742748848572 161.45346069335938 1274
1742748855105 209.60020446777344 1275
1742748861613 171.90809631347656 1276
1742748867970 151.28799438476562 1277
1742748873373 168.3773193359375 1278
1742748879967 228.53890991210938 1279
1742748886565 225.74559020996094 1280
1742748892420 322.43597412109375 1281
1742748899080 181.14462280273438 1282
1742748905837 200.3443145751953 1283
1742748912445 179.71531677246094 1284
1742748919079 237.13629150390625 1285
1742748924810 234.0169219970703 1286
1742748930288 118.75467681884766 1287
1742748937037 126.27003479003906 1288
1742748943042 144.52545166015625 1289
1742748949374 130.9551544189453 1290
1742748955854 126.7463607788086 1291
1742748962350 129.6298828125 1292
1742748968356 213.2127685546875 1293
1742748974934 223.67665100097656 1294
1742748981076 174.20327758789062 1295
1742748987779 176.8037872314453 1296
1742748994346 231.2044677734375 1297
1742749000827 144.32510375976562 1298
1742749007352 128.0634307861328 1299
1742749014127 225.9801483154297 1300
1742749020253 191.53260803222656 1301
1742749026288 94.29489135742188 1302
1742749032917 178.06362915039062 1303
1742749037899 109.51470184326172 1304
1742749044244 167.9880828857422 1305
1742749050936 274.2184143066406 1306
1742749056330 82.90392303466797 1307
1742749062054 103.54792785644531 1308
1742749068796 196.4501953125 1309
1742749075403 132.8647003173828 1310
1742749080065 179.49095153808594 1311
1742749086618 177.41770935058594 1312
1742749092747 153.07955932617188 1313
1742749099356 121.12787628173828 1314
1742749105692 184.43240356445312 1315
1742749112263 189.28665161132812 1316
1742749116834 217.3702850341797 1317
1742749124107 125.16143035888672 1318
1742749130822 149.19131469726562 1319
1742749136231 147.1957244873047 1320
1742749142757 171.96002197265625 1321
1742749149453 145.76303100585938 1322
1742749156148 168.4591064453125 1323
1742749162718 195.6486358642578 1324
1742749169472 255.43063354492188 1325
1742749176016 147.8855743408203 1326
1742749182482 186.2075958251953 1327
1742749189178 195.41009521484375 1328
1742749195911 291.6154479980469 1329
1742749201750 166.97215270996094 1330
1742749208389 176.87890625 1331
1742749214882 151.59603881835938 1332
1742749219972 231.7852325439453 1333
1742749225783 138.02459716796875 1334
1742749231571 192.059326171875 1335
1742749237650 177.72874450683594 1336
1742749244462 201.06065368652344 1337
1742749251167 168.5841064453125 1338
1742749258193 236.12168884277344 1339
1742749264705 148.2522735595703 1340
1742749271775 170.67779541015625 1341
1742749278099 182.62689208984375 1342
1742749282891 108.6918716430664 1343
1742749289218 218.86660766601562 1344
1742749295940 118.34188079833984 1345
1742749301864 127.72594451904297 1346
1742749306447 113.76799774169922 1347
1742749313047 151.45553588867188 1348
1742749319868 217.72708129882812 1349
1742749326146 130.16644287109375 1350
1742749333028 172.61521911621094 1351
1742749339748 142.53810119628906 1352
1742749345328 163.6244659423828 1353
1742749352331 160.11514282226562 1354
1742749358167 93.36521911621094 1355
1742749364778 206.6370086669922 1356
1742749370512 142.34051513671875 1357
1742749377107 178.11424255371094 1358
1742749383535 130.16128540039062 1359
1742749390213 281.28143310546875 1360
1742749396006 205.141357421875 1361
1742749401668 112.58319091796875 1362
1742749407932 147.10858154296875 1363
1742749414023 168.98707580566406 1364
1742749420242 115.06419372558594 1365
1742749426896 184.81268310546875 1366
1742749433675 174.71641540527344 1367
1742749440433 170.39585876464844 1368
1742749447027 187.59515380859375 1369
1742749453545 213.70413208007812 1370
1742749460265 86.0181655883789 1371
1742749466904 129.7989501953125 1372
1742749473708 132.8067169189453 1373
1742749478248 228.3937225341797 1374
1742749484800 180.5181427001953 1375
1742749491475 192.05857849121094 1376
1742749498129 255.3877716064453 1377
1742749504021 168.89898681640625 1378
1742749509353 164.9822235107422 1379
1742749515571 127.90062713623047 1380
1742749522557 143.27076721191406 1381
1742749529325 138.53024291992188 1382
1742749535817 142.09051513671875 1383
1742749542649 186.1964111328125 1384
1742749549290 180.39915466308594 1385
1742749553592 203.3855438232422 1386
1742749560201 200.1995849609375 1387
1742749566707 124.27031707763672 1388
1742749573271 253.73924255371094 1389
1742749580193 219.9140167236328 1390
1742749586645 204.16822814941406 1391
1742749593260 225.05856323242188 1392
1742749599667 135.15252685546875 1393
1742749604534 118.8554458618164 1394
1742749611285 183.0729522705078 1395
1742749616809 141.31422424316406 1396
1742749622501 231.2124786376953 1397
1742749629188 188.01612854003906 1398
1742749635994 147.9930419921875 1399
1742749642035 128.3485870361328 1400
1742749648738 161.38296508789062 1401
1742749654031 127.75846862792969 1402
1742749660641 204.24063110351562 1403
1742749666989 202.38623046875 1404
1742749673660 203.2166748046875 1405
1742749679381 172.4093475341797 1406
1742749686007 192.5609130859375 1407
1742749692962 174.28443908691406 1408
1742749699668 173.81149291992188 1409
1742749706282 211.3709259033203 1410
1742749712801 177.08090209960938 1411
1742749719519 157.79144287109375 1412
1742749726083 95.83161926269531 1413
1742749732662 193.1514129638672 1414
1742749738147 126.61260986328125 1415
1742749744549 152.09385681152344 1416
1742749751317 163.3448028564453 1417
1742749757966 146.78541564941406 1418
1742749764367 175.5912628173828 1419
1742749769600 85.22781372070312 1420
1742749776167 137.19651794433594 1421
1742749782674 133.84568786621094 1422
1742749789460 175.82395935058594 1423
1742749796079 150.54327392578125 1424
1742749802768 200.99151611328125 1425
1742749809491 147.01919555664062 1426
1742749816044 216.01583862304688 1427
1742749822688 247.260009765625 1428
1742749829612 322.3547058105469 1429
1742749836341 229.1263427734375 1430
1742749843049 207.10562133789062 1431
1742749848855 130.42723083496094 1432
1742749855587 127.9720458984375 1433
1742749862033 120.07844543457031 1434
1742749868083 160.46270751953125 1435
1742749874627 153.8742218017578 1436
1742749881201 252.95547485351562 1437
1742749888372 160.98497009277344 1438
1742749893994 168.87008666992188 1439
1742749899971 147.38058471679688 1440
1742749906515 185.2390899658203 1441
1742749912861 132.16358947753906 1442
1742749919614 137.91358947753906 1443
1742749924977 80.11807250976562 1444
1742749929802 154.73458862304688 1445
1742749936461 126.22423553466797 1446
1742749943271 132.67469787597656 1447
1742749947194 94.70741271972656 1448
1742749953585 120.7435073852539 1449
1742749960454 146.19049072265625 1450
1742749967130 105.80471801757812 1451
1742749973969 198.43545532226562 1452
1742749978834 198.11436462402344 1453
1742749985053 140.02978515625 1454
1742749991737 158.06124877929688 1455
1742749998286 150.9039764404297 1456
1742750004086 157.36251831054688 1457
1742750010755 106.87359619140625 1458
1742750016289 160.99244689941406 1459
1742750023007 136.3643035888672 1460
1742750029675 208.729736328125 1461
1742750036338 153.03375244140625 1462
1742750042929 162.8597869873047 1463
1742750049615 153.16488647460938 1464
1742750056288 180.3459014892578 1465
1742750062930 174.79135131835938 1466
1742750069193 177.77557373046875 1467
1742750075919 148.7202911376953 1468
1742750082551 187.6625213623047 1469
1742750089094 211.8362274169922 1470
1742750095742 117.68712615966797 1471
1742750100769 122.92044067382812 1472
1742750107536 183.8603973388672 1473
1742750114071 280.3891296386719 1474
1742750120696 161.02960205078125 1475
1742750127166 177.25375366210938 1476
1742750133720 140.4028778076172 1477
1742750139191 73.54194641113281 1478
1742750145819 118.60003662109375 1479
1742750152752 195.2299041748047 1480
1742750159409 189.8056182861328 1481
1742750165914 148.09902954101562 1482
1742750170781 107.12836456298828 1483
1742750177606 189.53811645507812 1484
1742750184211 212.851806640625 1485
1742750190646 159.49668884277344 1486
1742750197269 117.65177917480469 1487
1742750203882 236.4053497314453 1488
1742750208190 181.8581085205078 1489
1742750215034 238.12001037597656 1490
1742750221131 131.5709991455078 1491
1742750228367 136.89614868164062 1492
1742750234177 145.52740478515625 1493
1742750240166 118.37349700927734 1494
1742750246190 117.93798828125 1495
1742750252956 218.85986328125 1496
1742750259694 152.780029296875 1497
1742750264901 157.15525817871094 1498
1742750271506 116.51425170898438 1499
1742750277826 242.3151397705078 1500
1742750284490 178.76089477539062 1501
1742750289778 189.9698028564453 1502
1742750295288 181.39077758789062 1503
1742750301966 142.9586181640625 1504
1742750308286 111.23640441894531 1505
1742750314640 160.7874298095703 1506
1742750321519 197.26556396484375 1507
1742750327114 167.0815887451172 1508
1742750332786 165.44024658203125 1509
1742750338967 92.51618194580078 1510
1742750345651 260.1578369140625 1511
1742750352357 221.6778106689453 1512
1742750358999 173.53099060058594 1513
1742750365674 225.2703857421875 1514
1742750371572 147.16871643066406 1515
1742750378164 242.66342163085938 1516
1742750384938 189.18707275390625 1517
1742750391667 136.0203857421875 1518
1742750398382 193.55804443359375 1519
1742750404946 188.6813201904297 1520
1742750411196 176.9654083251953 1521
1742750417954 141.3243865966797 1522
1742750422996 82.81632232666016 1523
1742750429956 135.65396118164062 1524
1742750436515 160.25509643554688 1525
1742750442081 222.10366821289062 1526
1742750449037 228.22865295410156 1527
1742750455852 181.53248596191406 1528
1742750461180 130.8531036376953 1529
1742750467109 112.34249877929688 1530
1742750473993 196.71990966796875 1531
1742750480850 93.95975494384766 1532
1742750485460 156.1595916748047 1533
1742750492513 149.85037231445312 1534
1742750498680 259.971435546875 1535
1742750505418 193.69171142578125 1536
1742750512205 168.3267364501953 1537
1742750518665 146.64512634277344 1538
1742750525263 150.30062866210938 1539
1742750531868 233.41123962402344 1540
1742750536974 201.0687255859375 1541
1742750543967 131.22068786621094 1542
1742750550560 201.96774291992188 1543
1742750557131 178.4404754638672 1544
1742750563323 79.93254089355469 1545
1742750569793 180.5674591064453 1546
1742750576403 218.2551727294922 1547
1742750581955 124.06026458740234 1548
1742750587763 153.55435180664062 1549
1742750594810 258.0470886230469 1550
1742750600245 77.68512725830078 1551
1742750606167 222.88829040527344 1552
1742750612827 152.38885498046875 1553
1742750620159 139.0925750732422 1554
1742750626762 166.08871459960938 1555
1742750633305 183.35382080078125 1556
1742750640473 162.30828857421875 1557
1742750645982 91.60918426513672 1558
1742750651680 191.79547119140625 1559
1742750658407 161.34690856933594 1560
1742750665085 164.59585571289062 1561
1742750671838 194.6067352294922 1562
1742750678428 161.11561584472656 1563
1742750684884 118.97525787353516 1564
1742750690499 181.53721618652344 1565
1742750696227 132.234130859375 1566
1742750702863 80.15666198730469 1567
1742750709420 117.40504455566406 1568
1742750714277 148.4529571533203 1569
1742750720850 153.66006469726562 1570
1742750726774 164.25743103027344 1571
1742750733447 121.37212371826172 1572
1742750740001 276.6073913574219 1573
1742750746599 160.20790100097656 1574
1742750751629 112.54732513427734 1575
1742750756022 132.87928771972656 1576
1742750762838 206.2853240966797 1577
1742750769686 140.6468048095703 1578
1742750776130 150.59048461914062 1579
1742750782814 143.1607208251953 1580
1742750789687 113.45992279052734 1581
1742750796598 163.92640686035156 1582
1742750803549 117.45658111572266 1583
1742750810372 137.71119689941406 1584
1742750817015 158.3494415283203 1585
1742750823563 209.65933227539062 1586
1742750830165 95.5270004272461 1587
1742750835074 155.9632568359375 1588
1742750841943 183.58935546875 1589
1742750847661 150.13302612304688 1590
1742750854432 240.51531982421875 1591
1742750861151 183.2115936279297 1592
1742750867707 213.15589904785156 1593
1742750874544 108.51629638671875 1594
1742750880723 133.4329071044922 1595
1742750886844 136.9181365966797 1596
1742750893753 174.29733276367188 1597
1742750900196 217.8903350830078 1598
1742750907197 229.7389678955078 1599
1742750913481 152.86500549316406 1600
1742750920017 81.82638549804688 1601
1742750925392 133.5056915283203 1602
1742750930997 122.12232208251953 1603
1742750937689 158.0756378173828 1604
1742750944412 135.3924560546875 1605
1742750949810 93.2486801147461 1606
1742750956168 165.47113037109375 1607
1742750961616 219.50453186035156 1608
1742750968633 136.865478515625 1609
1742750975623 223.4639892578125 1610
1742750982489 232.5687713623047 1611
1742750989442 153.10191345214844 1612
1742750994149 151.8070068359375 1613
1742751000934 137.9033660888672 1614
1742751007643 124.0324478149414 1615
1742751013337 119.23162078857422 1616
1742751018108 120.84229278564453 1617
1742751024948 101.9212875366211 1618
1742751031397 144.37173461914062 1619
1742751038193 159.30496215820312 1620
1742751045015 199.760009765625 1621
1742751050577 145.95086669921875 1622
1742751056386 121.57968139648438 1623
1742751063093 117.0185546875 1624
1742751069459 176.83641052246094 1625
1742751076344 209.78335571289062 1626
1742751083258 123.74417877197266 1627
1742751089770 215.15113830566406 1628
1742751096623 223.33419799804688 1629
1742751103393 160.9270477294922 1630
1742751107681 77.08654022216797 1631
1742751114689 167.7694549560547 1632
1742751121751 169.9330596923828 1633
1742751128050 111.05650329589844 1634
1742751134118 160.8035888671875 1635
1742751139866 90.50060272216797 1636
1742751145881 219.66082763671875 1637
1742751152733 105.60176086425781 1638
1742751159343 94.62582397460938 1639
1742751164911 207.61105346679688 1640
1742751171376 169.27691650390625 1641
1742751177282 95.23482513427734 1642
1742751182824 180.37261962890625 1643
1742751187478 149.18287658691406 1644
1742751193963 149.31407165527344 1645
1742751200474 169.46653747558594 1646
1742751207471 165.6776123046875 1647
1742751214312 282.58221435546875 1648
1742751220081 84.85211181640625 1649
1742751225515 116.4792709350586 1650
1742751231129 158.82318115234375 1651
1742751238296 146.55252075195312 1652
1742751244923 207.0645751953125 1653
1742751250583 157.88706970214844 1654
1742751256448 203.7007598876953 1655
1742751263328 171.7806854248047 1656
1742751267597 70.9820556640625 1657
1742751274406 175.8267364501953 1658
1742751281120 167.40455627441406 1659
1742751287970 242.83172607421875 1660
1742751294496 152.02439880371094 1661
1742751301214 233.59353637695312 1662
1742751307991 166.37086486816406 1663
1742751314855 166.7845001220703 1664
1742751321487 140.08221435546875 1665
1742751328360 107.37899017333984 1666
1742751334518 122.59963989257812 1667
1742751339543 174.6851806640625 1668
1742751346246 141.80050659179688 1669
1742751353115 189.5299835205078 1670
1742751359937 185.62808227539062 1671
1742751367072 219.71124267578125 1672
1742751373923 160.23341369628906 1673
1742751379806 217.9257049560547 1674
1742751385594 135.91868591308594 1675
1742751392526 158.34986877441406 1676
1742751398822 278.5177307128906 1677
1742751405242 138.5645294189453 1678
1742751411878 146.5678253173828 1679
1742751418598 126.18248748779297 1680
1742751425395 99.1543960571289 1681
1742751432320 226.6267852783203 1682
1742751439083 119.54103088378906 1683
1742751445853 110.8991928100586 1684
1742751452613 166.67547607421875 1685
1742751457968 217.47042846679688 1686
1742751464892 218.71148681640625 1687
1742751471049 120.33244323730469 1688
1742751476338 150.46852111816406 1689
1742751482903 209.6951141357422 1690
1742751487955 233.40533447265625 1691
1742751494730 165.52745056152344 1692
1742751500178 198.96450805664062 1693
1742751506665 208.63568115234375 1694
1742751513385 176.9009246826172 1695
1742751520117 124.19086456298828 1696
1742751526709 126.07653045654297 1697
1742751533503 68.78836059570312 1698
1742751540266 104.4124984741211 1699
1742751546913 248.30039978027344 1700
1742751554228 169.3424072265625 1701
1742751560928 172.53123474121094 1702
1742751567802 132.43478393554688 1703
1742751574578 195.2029571533203 1704
1742751579158 178.70050048828125 1705
1742751584907 72.6274185180664 1706
1742751591486 185.37945556640625 1707
1742751598312 96.01273345947266 1708
1742751604994 187.4620361328125 1709
1742751612134 118.28732299804688 1710
1742751618993 243.84861755371094 1711
1742751625954 85.0167465209961 1712
1742751632826 132.63473510742188 1713
1742751637294 164.3376922607422 1714
1742751643436 208.218505859375 1715
1742751650169 198.80654907226562 1716
1742751656493 180.38157653808594 1717
1742751663209 151.25083923339844 1718
1742751669998 158.8919677734375 1719
1742751675318 179.44972229003906 1720
1742751682027 154.839111328125 1721
1742751686489 155.42840576171875 1722
1742751693316 124.7054443359375 1723
1742751700346 167.67141723632812 1724
1742751706983 128.03427124023438 1725
1742751713836 199.5082244873047 1726
1742751720508 289.5382995605469 1727
1742751727220 208.85447692871094 1728
1742751733988 203.22821044921875 1729
1742751740682 217.4222412109375 1730
1742751745677 122.76282501220703 1731
1742751752283 205.41502380371094 1732
1742751759408 87.41077423095703 1733
1742751765658 102.38887023925781 1734
1742751772382 207.34170532226562 1735
1742751778122 191.7875213623047 1736
1742751785049 117.55093383789062 1737
1742751790207 223.91160583496094 1738
1742751797232 157.75315856933594 1739
1742751803965 117.899169921875 1740
1742751811245 153.65281677246094 1741
1742751817343 139.48873901367188 1742
1742751824070 200.1473388671875 1743
1742751830121 118.88423919677734 1744
1742751837911 197.47703552246094 1745
1742751843830 187.7278289794922 1746
1742751850671 230.76312255859375 1747
1742751858385 211.3032989501953 1748
1742751865379 234.00599670410156 1749
1742751873664 190.8765106201172 1750
1742751880930 158.7584686279297 1751
1742751888033 149.35801696777344 1752
1742751894630 111.76954650878906 1753
1742751901286 192.23374938964844 1754
1742751907905 138.2331085205078 1755
1742751913450 174.9386444091797 1756
1742751920232 165.60104370117188 1757
1742751926542 205.18727111816406 1758
1742751933392 190.11636352539062 1759
1742751940113 120.27510070800781 1760
1742751946998 135.31027221679688 1761
1742751953104 98.18102264404297 1762
1742751959090 138.00399780273438 1763
1742751965852 145.19528198242188 1764
1742751972140 197.58770751953125 1765
1742751979174 120.48066711425781 1766
1742751985756 196.57977294921875 1767
1742751992317 165.25875854492188 1768
1742751997077 88.70402526855469 1769
1742752003708 150.2385711669922 1770
1742752010070 186.77357482910156 1771
1742752016740 201.5545196533203 1772
1742752023724 158.21798706054688 1773
1742752030172 251.82833862304688 1774
1742752034807 109.56666564941406 1775
1742752041486 211.2124786376953 1776
1742752048197 109.5613784790039 1777
1742752055144 227.41604614257812 1778
1742752061607 150.92681884765625 1779
1742752068585 147.59982299804688 1780
1742752075224 208.5598907470703 1781
1742752078923 143.9309844970703 1782
1742752085562 156.1202850341797 1783
1742752092346 145.2786407470703 1784
1742752099420 139.2080535888672 1785
1742752106236 137.93893432617188 1786
1742752113422 146.9908905029297 1787
1742752120211 189.6396942138672 1788
1742752125600 152.7002410888672 1789
1742752132320 153.36029052734375 1790
1742752138596 158.01095581054688 1791
1742752144315 132.11659240722656 1792
1742752151309 214.8977508544922 1793
1742752158301 124.1617660522461 1794
1742752164869 161.3296356201172 1795
1742752170418 145.87718200683594 1796
1742752177595 244.9456787109375 1797
1742752184001 83.67138671875 1798
1742752191002 179.54568481445312 1799
1742752196732 128.76007080078125 1800
1742752203541 193.9044647216797 1801
1742752209206 151.4285888671875 1802
1742752216454 293.4076843261719 1803
1742752223778 170.91275024414062 1804
1742752230679 220.53726196289062 1805
1742752237811 241.20376586914062 1806
1742752244815 216.6522216796875 1807
1742752249658 169.88731384277344 1808
1742752257422 166.7205352783203 1809
1742752264600 121.44607543945312 1810
1742752271420 142.02545166015625 1811
1742752277962 133.27809143066406 1812
1742752285080 153.4265594482422 1813
1742752292520 116.44027709960938 1814
1742752299714 178.03651428222656 1815
1742752306891 121.87556457519531 1816
1742752314086 152.36114501953125 1817
1742752321142 194.9737091064453 1818
1742752327415 149.64549255371094 1819
1742752334767 176.211181640625 1820
1742752341899 92.38819885253906 1821
1742752349048 120.73370361328125 1822
1742752355464 94.75897216796875 1823
1742752362182 237.90904235839844 1824
1742752369373 207.14544677734375 1825
1742752376787 146.07708740234375 1826
1742752384491 167.2356719970703 1827
1742752389815 207.47531127929688 1828
1742752397050 183.6542205810547 1829
1742752404746 152.05284118652344 1830
1742752411854 213.33445739746094 1831
1742752418426 68.5235366821289 1832
1742752425821 167.76170349121094 1833
1742752431209 89.64948272705078 1834
1742752438531 161.7003631591797 1835
1742752445633 155.84902954101562 1836
1742752453023 95.95563507080078 1837
1742752460378 220.86061096191406 1838
1742752467631 229.11795043945312 1839
1742752474576 98.31355285644531 1840
1742752481748 151.48397827148438 1841
1742752488039 215.50062561035156 1842
1742752493528 189.6997833251953 1843
1742752500136 174.60879516601562 1844
1742752507422 276.7050476074219 1845
1742752513006 112.3274154663086 1846
1742752520171 167.063232421875 1847
1742752527326 190.1881561279297 1848
1742752534165 98.86943054199219 1849
1742752541307 228.06275939941406 1850
1742752548826 190.44515991210938 1851
1742752556214 229.66949462890625 1852
1742752561435 143.9542999267578 1853
1742752568663 207.98348999023438 1854
1742752575758 172.98934936523438 1855
1742752583102 114.91658782958984 1856
1742752589940 192.71817016601562 1857
1742752597260 175.29953002929688 1858
1742752604565 187.49267578125 1859
1742752611826 256.06951904296875 1860
1742752619147 175.48846435546875 1861
1742752626545 210.4886932373047 1862
1742752634270 208.51220703125 1863
1742752641464 141.0965118408203 1864
1742752648667 271.6048583984375 1865
1742752655548 133.58604431152344 1866
1742752662718 174.70016479492188 1867
1742752669867 158.7799835205078 1868
1742752677138 203.11917114257812 1869
1742752684216 232.70352172851562 1870
1742752689622 137.2151641845703 1871
1742752696554 109.45000457763672 1872
1742752703975 167.9921875 1873
1742752710732 72.41709899902344 1874
1742752717878 165.17465209960938 1875
1742752724086 142.3317413330078 1876
1742752731143 112.38771057128906 1877
1742752736933 121.30201721191406 1878
1742752744475 124.10729217529297 1879
1742752751588 189.87881469726562 1880
1742752758879 179.65992736816406 1881
1742752766002 93.06385803222656 1882
1742752772289 123.16803741455078 1883
1742752779689 201.1597442626953 1884
1742752786814 175.97120666503906 1885
1742752793799 173.37979125976562 1886
1742752799767 125.77326965332031 1887
1742752807306 203.1584014892578 1888
1742752814366 181.54698181152344 1889
1742752821738 233.00076293945312 1890
1742752829021 280.096923828125 1891
1742752836268 174.17330932617188 1892
1742752842602 175.2349090576172 1893
1742752848362 162.53347778320312 1894
1742752855660 193.6930694580078 1895
1742752862994 200.74778747558594 1896
1742752870354 235.009765625 1897
1742752875955 181.56996154785156 1898
1742752883082 241.780029296875 1899
1742752890343 136.162841796875 1900
1742752897506 139.95919799804688 1901
1742752904725 148.68064880371094 1902
1742752912052 159.53707885742188 1903
1742752915729 37.62185287475586 1904
1742752922280 151.84466552734375 1905
1742752929005 123.47954559326172 1906
1742752933644 157.943359375 1907
1742752940840 173.88243103027344 1908
1742752948390 126.19972229003906 1909
1742752954969 146.3358154296875 1910
1742752962324 196.33677673339844 1911
1742752969672 169.2052764892578 1912
1742752977086 219.070556640625 1913
1742752984307 147.6036376953125 1914
1742752990140 111.2166748046875 1915
1742752997548 144.1844940185547 1916
1742753003056 156.78994750976562 1917
1742753010192 175.12948608398438 1918
1742753017452 117.74705505371094 1919
1742753024401 140.17526245117188 1920
1742753031535 272.1007080078125 1921
1742753038869 233.18202209472656 1922
1742753045416 191.162109375 1923
1742753052636 142.20040893554688 1924
1742753058851 109.09902954101562 1925
1742753066310 210.55055236816406 1926
1742753073342 154.503662109375 1927
1742753080302 167.62071228027344 1928
1742753087553 222.52728271484375 1929
1742753093867 89.93087005615234 1930
1742753101021 185.95907592773438 1931
1742753108131 210.2496795654297 1932
1742753115393 173.25225830078125 1933
1742753122406 267.031494140625 1934
1742753128390 123.39913177490234 1935
1742753133768 117.48431396484375 1936
1742753140732 166.09552001953125 1937
1742753147966 211.77255249023438 1938
1742753155124 138.17092895507812 1939
1742753162671 173.74517822265625 1940
1742753169835 186.41867065429688 1941
1742753175771 189.7866668701172 1942
1742753183154 134.3385467529297 1943
1742753190197 185.72610473632812 1944
1742753195361 62.2093391418457 1945
1742753202760 227.41656494140625 1946
1742753209749 106.57512664794922 1947
1742753216779 121.0699462890625 1948
1742753224163 169.3127899169922 1949
1742753230156 153.80633544921875 1950
1742753237501 152.0462646484375 1951
1742753244406 141.85939025878906 1952
1742753251497 115.4329605102539 1953
1742753258408 119.65348052978516 1954
1742753265139 157.2714080810547 1955
1742753272438 205.1811065673828 1956
1742753278109 118.00366973876953 1957
1742753284269 205.8486785888672 1958
1742753291249 153.567626953125 1959
1742753297844 199.5206756591797 1960
1742753304970 187.7838897705078 1961
1742753312158 157.22471618652344 1962
1742753317057 123.30491638183594 1963
1742753323681 137.06451416015625 1964
1742753330554 137.26339721679688 1965
1742753337906 195.0696563720703 1966
1742753343096 170.57028198242188 1967
1742753350025 144.7169647216797 1968
1742753357079 139.58749389648438 1969
1742753364315 205.94363403320312 1970
1742753371477 174.54815673828125 1971
1742753378617 133.51312255859375 1972
1742753385761 175.2335205078125 1973
1742753393008 235.864501953125 1974
1742753400248 167.76025390625 1975
1742753406009 159.12277221679688 1976
1742753413194 152.25045776367188 1977
1742753420504 130.8433837890625 1978
1742753427846 196.82113647460938 1979
1742753434990 130.09182739257812 1980
1742753442328 165.9225311279297 1981
1742753449602 158.38909912109375 1982
1742753455108 84.45013427734375 1983
1742753462276 150.53494262695312 1984
1742753469460 183.29713439941406 1985
1742753476594 149.8692169189453 1986
1742753483824 115.36643981933594 1987
1742753491335 187.31788635253906 1988
1742753497912 206.25160217285156 1989
1742753504473 144.0548858642578 1990
1742753511632 188.79600524902344 1991
1742753518950 178.99209594726562 1992
1742753526372 118.25323486328125 1993
1742753533207 192.81027221679688 1994
1742753539813 156.97557067871094 1995
1742753546999 140.7064971923828 1996
1742753554280 187.56097412109375 1997
1742753561236 115.89240264892578 1998
1742753568101 171.19786071777344 1999
1742753573399 238.62490844726562 2000
1742753580368 187.59445190429688 2001
1742753587597 168.6883544921875 2002
1742753594756 202.3566436767578 2003
1742753600983 129.0258026123047 2004
1742753606783 135.39822387695312 2005
1742753613625 197.66746520996094 2006
1742753621017 153.37767028808594 2007
1742753626631 102.84297943115234 2008
1742753633766 192.6607666015625 2009
1742753640108 98.28857421875 2010
1742753647539 187.03565979003906 2011
1742753654729 198.97491455078125 2012
1742753660995 244.47677612304688 2013
1742753666277 141.0107421875 2014
1742753673319 159.8089599609375 2015
1742753680517 192.00083923339844 2016
1742753687981 125.1976089477539 2017
1742753694867 203.23619079589844 2018
1742753702218 160.90713500976562 2019
1742753708997 130.5349578857422 2020
1742753715957 215.3488006591797 2021
1742753722913 87.71308898925781 2022
1742753730372 185.45240783691406 2023
1742753737608 227.94432067871094 2024
1742753744695 77.65504455566406 2025
1742753749927 105.89181518554688 2026
1742753757144 121.63167572021484 2027
1742753763434 140.7290802001953 2028
1742753770893 124.23673248291016 2029
1742753777559 134.55560302734375 2030
1742753784244 104.41474151611328 2031
1742753791492 160.94497680664062 2032
1742753798212 107.22726440429688 2033
1742753805312 170.76661682128906 2034
1742753812720 156.81060791015625 2035
1742753819132 147.81398010253906 2036
1742753826032 174.17491149902344 2037
1742753833192 168.7885284423828 2038
1742753840207 78.45987701416016 2039
1742753847267 166.6924285888672 2040
1742753853518 165.58657836914062 2041
1742753860780 144.64463806152344 2042
1742753868064 167.8092498779297 2043
1742753875395 190.10768127441406 2044
1742753882905 116.8565673828125 2045
1742753887900 86.21255493164062 2046
1742753895022 86.71135711669922 2047
1742753901967 161.815673828125 2048
1742753909215 225.79470825195312 2049
1742753916002 124.41332244873047 2050
1742753923125 185.04763793945312 2051
1742753930683 166.281494140625 2052
1742753935311 115.25736236572266 2053
1742753942621 98.89541625976562 2054
1742753950010 207.85104370117188 2055
1742753956634 164.37254333496094 2056
1742753963932 193.4645233154297 2057
1742753969877 130.20814514160156 2058
1742753976698 138.52813720703125 2059
1742753983797 186.1048583984375 2060
1742753989536 117.35196685791016 2061
1742753995100 100.9703369140625 2062
1742754001795 129.86790466308594 2063
1742754008871 119.0116195678711 2064
1742754015103 214.63906860351562 2065
1742754022315 174.42689514160156 2066
1742754029477 185.34036254882812 2067
1742754036267 170.3783416748047 2068
1742754042796 185.01327514648438 2069
1742754048954 181.53720092773438 2070
1742754055768 158.03919982910156 2071
1742754061707 204.18490600585938 2072
1742754067825 165.25521850585938 2073
1742754074747 108.48899841308594 2074
1742754081786 238.3224334716797 2075
1742754088631 69.76232147216797 2076
1742754095022 179.59068298339844 2077
1742754101296 202.55372619628906 2078
1742754108086 171.8413543701172 2079
1742754114954 177.2130889892578 2080
1742754121819 149.87030029296875 2081
1742754126339 88.5816650390625 2082
1742754133408 78.71527862548828 2083
1742754140041 128.0052947998047 2084
1742754146984 121.56888580322266 2085
1742754152392 166.66384887695312 2086
1742754159807 237.08555603027344 2087
1742754166758 152.97105407714844 2088
1742754172001 122.04914093017578 2089
1742754178933 106.68016052246094 2090
1742754185987 141.13426208496094 2091
1742754193309 126.45613861083984 2092
1742754200496 150.13507080078125 2093
1742754207431 160.9423370361328 2094
1742754214442 136.8279266357422 2095
1742754221419 195.48826599121094 2096
1742754227751 197.18844604492188 2097
1742754232508 77.07453918457031 2098
1742754239369 239.74659729003906 2099
