1742740774256 38.07705945141256 0
1742740780733 50.57059883920942 1
1742740787319 29.306846589975258 2
1742740794031 29.73017397924003 3
1742740799675 31.627138496023697 4
1742740804925 35.70375893855412 5
1742740811709 28.974585759342435 6
1742740818289 34.62573937505189 7
1742740825138 40.45357932080336 8
1742740832210 32.16307849457744 9
1742740838463 27.869135749614355 10
1742740844608 38.8652234664064 11
1742740850974 41.313237912039575 12
1742740857408 34.78845644706656 13
1742740861998 27.64573980125705 14
1742740868607 35.98288992376029 15
1742740875232 46.78810990359116 16
1742740881876 50.09549502959603 17
1742740888323 31.16638149451071 18
1742740894748 21.38681573211153 19
1742740901552 26.82914120261893 20
1742740905942 22.77998436820203 21
1742740911913 38.92335855233438 22
1742740918454 41.606472706372315 23
1742740925302 35.99150792131552 24
1742740932173 38.2865684177102 25
1742740937542 33.884778606136365 26
1742740944679 29.15701813657638 27
1742740951299 44.52836453743319 28
1742740958098 37.35221320372723 29
1742740964994 32.18610082029752 30
1742740971602 40.349415062667376 31
1742740978200 54.10229750950643 32
1742740982838 33.857810231327164 33
1742740989198 39.70971681623677 34
1742740995574 28.662142846119924 35
1742741000867 33.37676285337622 36
1742741007386 49.154382845932005 37
1742741014059 40.28938375253169 38
1742741020996 41.937499029939886 39
1742741028154 40.23157139195765 40
1742741035156 28.220475255012047 41
1742741041883 23.759021341330545 42
1742741048660 43.60765818764423 43
1742741055475 37.68954492998185 44
1742741062365 35.46987165597895 45
1742741068967 37.82428398611359 46
1742741073252 32.0994565656939 47
1742741079990 34.08183681342968 48
1742741086663 35.087640924191476 49
1742741091048 17.66550887552683 50
1742741098055 33.560762098709006 51
1742741104984 35.80906540288104 52
1742741112464 43.027285217491674 53
1742741119686 25.261063233588892 54
1742741125075 36.82308534840923 55
1742741130241 23.978913460078086 56
1742741135571 36.734469806346205 57
1742741142331 48.45571975711066 58
1742741146848 33.63626313094733 59
1742741153723 43.31778473264946 60
1742741159892 28.314115087768688 61
1742741166659 35.763937440497344 62
1742741173673 27.298217760157808 63
1742741180325 36.05340470209586 64
1742741187261 39.24357520889975 65
1742741193807 43.64508667532655 66
1742741200569 42.14498117754929 67
1742741204777 32.675892006117685 68
1742741211391 41.32923235511687 69
1742741218120 29.18157872085322 70
1742741224484 50.76959443221129 71
1742741231176 29.758993275519416 72
1742741237060 29.048952101387158 73
1742741243960 33.97522355226466 74
1742741250603 57.2646498733673 75
1742741257290 53.52218333271432 76
1742741263535 42.82672461927206 77
1742741270418 24.4207445077449 78
1742741277174 39.2678264450668 79
1742741282162 40.48675085704099 80
1742741288821 32.50813508831511 81
1742741295900 36.08827455975038 82
1742741302695 36.116482466308724 83
1742741309615 29.300782175595277 84
1742741316815 40.04658936566778 85
1742741323503 45.06138652664177 86
1742741330187 49.69120450989091 87
1742741334718 61.59916778400795 88
1742741341384 31.944246133374822 89
1742741347907 20.420526888659168 90
1742741354576 53.18546573167205 91
1742741361443 31.928309401945075 92
1742741368171 42.43858742320302 93
1742741374819 46.20106905594348 94
1742741380486 58.14511662903787 95
1742741386910 42.10335546676345 96
1742741393658 58.0648181395771 97
1742741399306 33.68597386780792 98
1742741404421 41.68231983935593 99
1742741411377 32.51513088890635 100
1742741415706 33.97464272103367 101
1742741422273 36.562867534448756 102
1742741428758 36.55072857709897 103
1742741433557 36.11044863433979 104
1742741440187 28.03290179155045 105
1742741446854 42.65905906651177 106
1742741453682 55.46533835638039 107
1742741460381 43.51614301906843 108
1742741467213 44.21960938063036 109
1742741473973 26.240089438426132 110
1742741480318 30.302967121029564 111
1742741486994 45.09928641654306 112
1742741492693 50.1389311173974 113
1742741499335 31.39645406219289 114
1742741506237 41.476302265637344 115
1742741512982 32.93350836383827 116
1742741519591 57.11022475215175 117
1742741524110 20.52165602645316 118
1742741530795 21.11754431243587 119
1742741537608 35.01348587454436 120
1742741544264 40.29266303043006 121
1742741549281 33.22652381985922 122
1742741556364 43.586030479152136 123
1742741563157 46.67014338083716 124
1742741569373 36.68865805294025 125
1742741576047 50.42775394316633 126
1742741582695 27.04064641846783 127
1742741589419 41.780114374230244 128
1742741595713 34.26917733353757 129
1742741601408 36.84972204869844 130
1742741607354 44.28369505033174 131
1742741614091 40.428916977797506 132
1742741620262 26.91219646441187 133
1742741627139 27.975429374105126 134
1742741633838 31.590839194886748 135
1742741640450 45.68677644510823 136
1742741647211 32.68318014972062 137
1742741652506 36.5568368151039 138
1742741658903 42.35687211035554 139
1742741665492 31.222829353013573 140
1742741670967 25.664957242085983 141
1742741676871 47.56639608275407 142
1742741683681 30.475516864758017 143
1742741689992 33.37210601981441 144
1742741696350 24.842025344767002 145
1742741703462 37.48012971741729 146
1742741709914 31.713726392185695 147
1742741716128 40.10870971055901 148
1742741721863 37.62010282733787 149
1742741728472 26.69406271875869 150
1742741734188 43.479298274099456 151
1742741739754 26.77437399337313 152
1742741745824 35.254503794018845 153
1742741752967 54.56270718713988 154
1742741759070 31.020314099777767 155
1742741765632 52.285245157513415 156
1742741772660 51.51801368666957 157
1742741779128 18.322176741287386 158
1742741785588 27.64016620884902 159
1742741791298 38.162642422708416 160
1742741797893 29.53901927540322 161
1742741803378 47.39072699609299 162
1742741810326 31.076680784571757 163
1742741817225 19.19770765447675 164
1742741822898 39.6305398694901 165
1742741829779 42.656703917788846 166
1742741836846 31.82677217571251 167
1742741843344 35.744510360763385 168
1742741848302 24.252086631899086 169
1742741855120 20.45159746837783 170
1742741861754 13.107841761139216 171
1742741866313 27.00277601986865 172
1742741872379 23.47848146174564 173
1742741878666 27.311353322473284 174
1742741885693 35.742063021579256 175
1742741892080 27.513447318159212 176
1742741899586 41.68285508144681 177
1742741906476 32.566355563627354 178
1742741910663 37.84393566480216 179
1742741917439 37.38853631738059 180
1742741924094 37.86970429415268 181
1742741930587 31.147326866796554 182
1742741937089 43.28627703131005 183
1742741943540 28.582607022892766 184
1742741950073 25.835857489809133 185
1742741957126 44.37368736883326 186
1742741963554 36.54081443613349 187
1742741968886 32.33028171041227 188
1742741975390 20.695157599593077 189
1742741982184 30.616225589549614 190
1742741988709 37.31912232866774 191
1742741994574 30.29659637088911 192
1742742000938 50.016793490834345 193
1742742007024 33.98517396396271 194
1742742011662 40.49181031429673 195
1742742018101 39.48660272938914 196
1742742023979 25.4563563829829 197
1742742030014 45.78380831373477 198
1742742037633 40.88036372397619 199
1742742041975 47.32833201107228 200
1742742048412 28.795890727539085 201
1742742055025 46.59485871277727 202
1742742061507 33.43877019579903 203
1742742068751 41.24621769889501 204
1742742075515 49.24640867003504 205
1742742082459 26.509923329525186 206
1742742088936 42.214128965505374 207
1742742095544 32.69768470259655 208
1742742102529 37.872365128517366 209
1742742107997 38.19818228488173 210
1742742115388 37.384055512779334 211
1742742120750 35.08344033137613 212
1742742127097 42.00862005644624 213
1742742133084 56.10590953847821 214
1742742139271 28.52311193993355 215
1742742146349 47.00177380253795 216
1742742152736 41.272097600395064 217
1742742158139 32.70019868765812 218
1742742164596 39.21051303580133 219
1742742170934 40.27123307385847 220
1742742177519 41.644244186986306 221
1742742184062 53.19833159836662 222
1742742190624 54.017080962306004 223
1742742197319 37.74774287447457 224
1742742203735 35.33763249203237 225
1742742210309 60.044926444717944 226
1742742216961 31.768906209501846 227
1742742223499 54.45648034240054 228
1742742230499 44.00934647973006 229
1742742237126 54.14632332943485 230
1742742242829 37.262004718328754 231
1742742249545 35.91534151330896 232
1742742256117 19.78242077005237 233
1742742261764 22.65806223291404 234
1742742267257 40.02977287264136 235
1742742273864 28.56488566394187 236
1742742279971 40.845303764188586 237
1742742286564 42.01327360807171 238
1742742293217 40.95760364081669 239
1742742299907 45.299589229302875 240
1742742306813 38.722035401341635 241
1742742312847 32.503678411477004 242
1742742319245 31.006594555062765 243
1742742324601 38.74824700370716 244
1742742331366 57.58053565510645 245
1742742338020 44.608285247664156 246
1742742344787 38.146145890697376 247
1742742351568 24.79116736500889 248
1742742356941 45.8947545823213 249
1742742364004 31.139262806380692 250
1742742370559 34.66314032403092 251
1742742376172 42.689241999079684 252
1742742382565 42.41745134697273 253
1742742389316 28.565251681405805 254
1742742395846 42.316354346853544 255
1742742402741 25.497595494288667 256
1742742409302 30.256799855021182 257
1742742415201 22.130206216354264 258
1742742420156 23.09496993873525 259
1742742427308 47.635934353579316 260
1742742432960 23.920300966188712 261
1742742437439 24.46986564772754 262
1742742443931 26.659283115500376 263
1742742450595 36.77595046671316 264
1742742457132 57.149844009903084 265
1742742463662 35.54508568366163 266
1742742470235 49.35549100420131 267
1742742476518 33.50310613063094 268
1742742482965 49.3029339527287 269
1742742489575 42.02104643002493 270
1742742496097 32.20449367486912 271
1742742502375 42.08207885695816 272
1742742507868 31.027383881676645 273
1742742513237 37.220990856318934 274
1742742519602 27.59047254444084 275
1742742526713 34.64034927471781 276
1742742531137 29.20065396272147 277
1742742537490 29.394245326244224 278
1742742541897 35.639129159044096 279
1742742548746 19.403986152848695 280
1742742555338 40.65041122782374 281
1742742562076 32.51076923600023 282
1742742568993 25.158147808998333 283
1742742575832 48.664615033209465 284
1742742582129 43.321681398355494 285
1742742588678 44.866115996813164 286
1742742593560 41.934659574178944 287
1742742600864 36.66732838891001 288
1742742607391 20.02972811751944 289
1742742613332 28.113550000547065 290
1742742619693 43.633807448105635 291
1742742624468 30.075374094534045 292
1742742631352 27.149122870935198 293
1742742637775 58.33149368522545 294
1742742644230 47.888107897950334 295
1742742649999 41.988739905022356 296
1742742656509 45.62147103313701 297
1742742663226 28.44272317405236 298
1742742668747 26.774021120950216 299
1742742675162 36.565223685482856 300
1742742681766 30.564288048185063 301
1742742686051 25.737585921164335 302
1742742692025 47.97098967164256 303
1742742698663 47.99835342021014 304
1742742705310 32.71839502461552 305
1742742711029 53.85852853703168 306
1742742716242 29.298394453646107 307
1742742722441 29.78102165137215 308
1742742727968 36.44666159956595 309
1742742733614 31.840505456418608 310
1742742740271 53.16741707261034 311
1742742746568 39.65646475876649 312
1742742752958 45.05790606111818 313
1742742759590 27.42481573210484 314
1742742766170 38.58858337803005 315
1742742772722 45.33141305466205 316
1742742779423 39.70088815926216 317
1742742785899 37.53940673412364 318
1742742792443 42.84447509923787 319
1742742799341 37.48497007993115 320
1742742805838 19.867686035938952 321
1742742811924 25.207346266172834 322
1742742818785 41.97831868144985 323
1742742822848 32.75486833281317 324
1742742829443 17.0460056823106 325
1742742836374 34.970250383322764 326
1742742842860 45.005776509880526 327
1742742849641 47.573117523514114 328
1742742855834 30.402591508242274 329
1742742862614 21.818262211494766 330
1742742867990 35.265381504894606 331
1742742874482 53.05290365349068 332
1742742879991 35.02533187898399 333
1742742886686 30.492047643037058 334
1742742891611 34.97837072528606 335
1742742898515 39.336838777600576 336
1742742905159 35.17212050244025 337
1742742911191 43.670324935293365 338
1742742917611 55.58290345740542 339
1742742922972 35.95143240887151 340
1742742927833 35.497219887838966 341
1742742934320 29.33237316081751 342
1742742940884 26.820952667899903 343
1742742947464 56.025599663817204 344
1742742953754 32.64464167273273 345
1742742960307 43.27629703174582 346
1742742966747 48.92651909538566 347
1742742973284 48.029800067766026 348
1742742979589 34.42901920733227 349
1742742983632 44.081666080843426 350
1742742990057 39.70294996394072 351
1742742996807 53.948352082318166 352
1742743003379 35.700197724286305 353
1742743009385 28.547020385032223 354
1742743016356 53.06200748855042 355
1742743022854 41.16586447556464 356
1742743029891 44.96253382218634 357
1742743036500 38.31593469826553 358
1742743042819 40.50838025828103 359
1742743047235 22.436091322118195 360
1742743053738 45.3135497118883 361
1742743060813 52.657374734799 362
1742743067527 40.49847904481218 363
1742743074341 28.1135964442329 364
1742743079882 36.70064673476984 365
1742743086230 34.01978116831235 366
1742743093291 34.369721318305395 367
1742743099850 41.004092995847664 368
1742743106387 31.907997284909 369
1742743112796 43.902883407379754 370
1742743119270 39.86270423077064 371
1742743124387 37.82164966762757 372
1742743130316 29.917032109708998 373
1742743136965 41.49335494849613 374
1742743143722 49.14039328921017 375
1742743149256 45.17893060360155 376
1742743154386 25.437136061939995 377
1742743160132 42.32939613510457 378
1742743166597 49.82967046178608 379
1742743173375 41.829290807894395 380
1742743179803 33.09844089596629 381
1742743186424 27.366702915164506 382
1742743191844 36.66121863123674 383
1742743198664 44.34205821341178 384
1742743205399 26.196585410521344 385
1742743212160 41.2837335378821 386
1742743217736 37.16743387917137 387
1742743224605 42.81114046802549 388
1742743231048 37.25174026058978 389
1742743237519 45.12568015665788 390
1742743244468 42.55683535136028 391
1742743250078 48.19162507615484 392
1742743256614 27.480216058070788 393
1742743263019 32.037283944780384 394
1742743270014 38.639749523280216 395
1742743277002 59.46561512019314 396
1742743281753 24.73896109668625 397
1742743287308 32.723067069046635 398
1742743293822 35.22798794438031 399
1742743300747 47.878031269485014 400
1742743306707 49.786878335277805 401
1742743312486 23.902146815774678 402
1742743319299 37.7044499524403 403
1742743325186 37.20387106694275 404
1742743331929 26.701517110368236 405
1742743338511 45.1295824427373 406
1742743345161 34.11602666806136 407
1742743352247 29.68170771043085 408
1742743358820 34.775950054571624 409
1742743365249 34.80296194219464 410
1742743371729 59.42595322050501 411
1742743378151 42.15840700009638 412
1742743384626 25.203956196127045 413
1742743391678 25.348124402879172 414
1742743398272 45.181430629098436 415
1742743402328 35.15783072092819 416
1742743409160 44.45395358834845 417
1742743415693 44.68357174062089 418
1742743422670 52.69398929516219 419
1742743428203 38.71268775559952 420
1742743434635 34.44680476490086 421
1742743441145 57.95878123032239 422
1742743448128 70.76920952633515 423
1742743454589 36.792043236358396 424
1742743461317 25.571662440367593 425
1742743467554 25.93586691537721 426
1742743474458 43.597640441421454 427
1742743481049 30.66264737733013 428
1742743486893 40.833773065189824 429
1742743493379 24.71241141050185 430
1742743500067 33.804223519404715 431
1742743506716 35.227908464499464 432
1742743513981 27.68188349487265 433
1742743521026 36.400697020350506 434
1742743527922 41.415055314279535 435
1742743534679 29.450313101940154 436
1742743541255 47.7088776834202 437
1742743547983 43.31577989691634 438
1742743554598 52.947380872895934 439
1742743559697 26.340988627310168 440
1742743566260 40.94787825248071 441
1742743572977 49.73020500137445 442
1742743579734 44.78245442766932 443
1742743585503 35.796365345464935 444
1742743592403 27.491763806693196 445
1742743598164 42.213708675413514 446
1742743605038 37.53705955259168 447
1742743611578 33.269198566606164 448
1742743617458 27.830503279808614 449
1742743624095 41.17613750080329 450
1742743630742 32.89066812476681 451
1742743637339 46.29822007275409 452
1742743643842 35.798965237718946 453
1742743649609 21.356419976076975 454
1742743655289 19.893008282696712 455
1742743661933 33.71266890798279 456
1742743667939 49.484486968759555 457
1742743674957 34.57245105699748 458
1742743681716 41.38647153519231 459
1742743686194 36.9831365406012 460
1742743693055 37.67851110685472 461
1742743699641 30.89724847465695 462
1742743706141 44.979910234576735 463
1742743712694 44.94182000554211 464
1742743719320 36.08967890346134 465
1742743725927 45.81480168715522 466
1742743732428 33.306614260846835 467
1742743739271 36.24799736993637 468
1742743746298 26.860990821580764 469
1742743752193 39.60623355127282 470
1742743758466 46.82739816457733 471
1742743764917 30.847352650869798 472
1742743770983 31.50706749686282 473
1742743777312 27.613100519942982 474
1742743783332 19.311124577495534 475
1742743790186 32.770895814887865 476
1742743796064 25.45795806850248 477
1742743802645 42.28541685220296 478
1742743809123 33.53737475882453 479
1742743815072 34.54350109120771 480
1742743821876 28.617850468796124 481
1742743828459 41.202050899944325 482
1742743835377 27.707451373288706 483
1742743841974 49.21064525260031 484
1742743848899 60.521935271221274 485
1742743853051 39.46835388527899 486
1742743859699 41.3307450478341 487
1742743866216 34.87861003392316 488
1742743872488 35.52699514006467 489
1742743878978 42.33501056675164 490
1742743885558 28.626705484014 491
1742743892003 22.169033507634786 492
1742743897109 36.06115234741527 493
1742743903694 26.581896130740045 494
1742743910404 39.44130467736032 495
1742743917086 25.293915385190022 496
1742743922331 28.004139719277482 497
1742743928237 25.259597841218913 498
1742743934320 39.72087622514317 499
1742743940919 46.321406938989256 500
1742743946880 38.75683574037733 501
1742743953297 40.73455139825701 502
1742743959736 24.779263301588873 503
1742743966352 41.665597926739636 504
1742743972930 41.65236489407885 505
1742743979452 32.0516191303921 506
1742743986211 38.42784863602148 507
1742743992803 20.35930181159149 508
1742743997915 29.74304520217063 509
1742744004834 52.68053646156718 510
1742744010788 29.787711072879855 511
1742744016058 31.591088671468395 512
1742744021166 30.81524402378573 513
1742744027463 32.01229975085677 514
1742744034094 57.733502667465665 515
1742744040813 44.886868107828704 516
1742744047441 32.02753655447972 517
1742744053891 30.523598334535514 518
1742744060695 40.687368706774656 519
1742744067255 50.952266964391015 520
1742744073790 28.212662438718315 521
1742744080440 38.417656067780825 522
1742744087004 40.87672134084338 523
1742744093460 42.81457760894435 524
1742744099270 41.23103077621487 525
1742744104420 26.428410649589146 526
1742744111060 32.70333340516497 527
1742744117523 15.304592564682244 528
1742744124129 52.520880377733945 529
1742744130996 55.34968110391178 530
1742744137602 29.308308029235633 531
1742744144283 28.198326798883347 532
1742744149251 27.228356160414762 533
1742744155996 33.987088140810386 534
1742744162798 39.0352021664118 535
1742744169842 39.87170998301608 536
1742744176533 51.424580105505896 537
1742744182052 28.150770093265283 538
1742744188160 39.62957552426164 539
1742744194507 31.398514768493378 540
1742744201404 29.36291505095649 541
1742744208418 28.96770559926081 542
1742744215102 30.51282761160066 543
1742744221458 37.736094138294256 544
1742744228038 33.02309000471201 545
1742744234334 36.88197144706839 546
1742744241090 47.22253876621763 547
1742744247590 18.46331550324414 548
1742744254130 37.721548747927436 549
1742744260673 33.272432039935126 550
1742744265092 27.191337311280385 551
1742744271436 30.271186628211876 552
1742744278161 37.727092838646904 553
1742744283678 31.579025253767707 554
1742744290173 34.243107717552135 555
1742744295707 34.214016101232204 556
1742744302679 39.134114469791626 557
1742744308773 45.382195243576184 558
1742744314613 36.3602721217377 559
1742744321144 32.62595737607465 560
1742744328386 35.05081280147995 561
1742744334897 39.76391359597297 562
1742744340238 46.120677859919866 563
1742744346767 24.02376215120011 564
1742744353460 49.49723160028379 565
1742744359645 22.679945178364573 566
1742744366721 39.11905386446249 567
1742744373165 30.684992639069847 568
1742744380300 38.14601970881 569
1742744386887 44.575068427104206 570
1742744393402 41.50869355418234 571
1742744399404 44.79104156610599 572
1742744405982 21.19129746349819 573
1742744412653 49.153221469814355 574
1742744419164 44.47683423624513 575
1742744424940 29.00805737904573 576
1742744430963 43.708412450210595 577
1742744437723 26.66390663211441 578
1742744443896 35.31512880511758 579
1742744450570 48.71120386347354 580
1742744457681 31.5655505611504 581
1742744464110 27.48260119851072 582
1742744471170 21.041833897504937 583
1742744477993 31.936778516936272 584
1742744484352 32.27553626340698 585
1742744489721 28.166776061104688 586
1742744496204 56.44862385129348 587
1742744502727 40.755990024767655 588
1742744509291 46.072184413385045 589
1742744515696 38.52694882360575 590
1742744522304 39.53167987773919 591
1742744528272 42.16813876693429 592
1742744533434 26.59931256806118 593
1742744539706 48.9465686308965 594
1742744546736 38.27747809734363 595
1742744553340 30.38320506121121 596
1742744560075 34.34875246688776 597
1742744566739 33.160478942329675 598
1742744573606 57.22790354482959 599
1742744579954 36.27956396535184 600
1742744586432 42.0784490683344 601
1742744591701 27.36284988868281 602
1742744598097 46.32350182349907 603
1742744605074 64.75948292666676 604
1742744611488 36.47129328072427 605
1742744616562 33.93778709182893 606
1742744624032 36.91371399420533 607
1742744631007 26.69643372133586 608
1742744637670 40.55755442570374 609
1742744642457 47.110721112789975 610
1742744648938 33.71093802383254 611
1742744655596 37.18717919551674 612
1742744662136 47.48750852017359 613
1742744668662 26.977136321706546 614
1742744675288 32.00153831659789 615
1742744680006 43.61804438880839 616
1742744686789 36.07694281917249 617
1742744693140 34.93889236484425 618
1742744700060 35.40918960251459 619
1742744706643 25.3705010290835 620
1742744713397 29.911546694698625 621
1742744718549 31.117758195265118 622
1742744725961 26.97995586956194 623
1742744732557 40.390241179458364 624
1742744739113 23.262838532801954 625
1742744744898 23.59492464942857 626
1742744751853 40.13992111820338 627
1742744758896 55.683095913036695 628
1742744764933 23.848517095537645 629
1742744771608 28.286152286193598 630
1742744778152 33.94419032185606 631
1742744784674 37.2575562274843 632
1742744791575 54.013934926104284 633
1742744796524 30.39660461368956 634
1742744803697 34.213291215043554 635
1742744810152 37.913086903229015 636
1742744816720 49.0111784053271 637
1742744823466 33.75760207019843 638
1742744829899 48.42582131168159 639
1742744837048 42.7371981445245 640
1742744843616 34.93563139999669 641
1742744849933 25.647438334130108 642
1742744856845 43.10928884043068 643
1742744861976 32.155696277369216 644
1742744868018 20.673716604971517 645
1742744874414 32.35161665087027 646
1742744880077 39.39709167809674 647
1742744886761 33.95258462869065 648
1742744893378 35.36934966853152 649
1742744900096 47.850915642194295 650
1742744906371 35.32633880638251 651
1742744913047 28.333284425629493 652
1742744918991 42.049736983988595 653
1742744924140 48.62035655159756 654
1742744930815 32.43253717300567 655
1742744937688 36.806850548687734 656
1742744944444 58.90190832501922 657
1742744950962 33.61271957147635 658
1742744958047 33.54350817396723 659
1742744964703 35.32235365223902 660
1742744970851 25.389988747849895 661
1742744977431 39.40229323170473 662
1742744984320 32.52188332370033 663
1742744990984 41.76013879777545 664
1742744997491 38.75141632582984 665
1742745004149 46.311685758914 666
1742745011039 50.61877872148801 667
1742745017350 48.19125885942218 668
1742745024186 40.17659778005871 669
1742745030825 34.583756553515094 670
1742745037496 31.790055300242262 671
1742745041992 37.65162113945679 672
1742745048502 41.286462441549475 673
1742745055074 56.69970771474841 674
1742745061587 36.55129041105756 675
1742745068268 27.253083821360377 676
1742745074926 30.874960769638395 677
1742745081863 25.608758377043088 678
1742745086513 29.64289388478852 679
1742745092943 57.120982210594434 680
1742745099608 25.49119553335864 681
1742745106272 27.561363600150766 682
1742745112823 38.17530959421075 683
1742745119535 54.19018579365927 684
1742745124133 38.35121052484132 685
1742745130064 39.24368285745511 686
1742745136412 28.210177348225145 687
1742745142894 43.02574257732351 688
1742745147862 43.0734918602629 689
1742745154612 50.66543223587053 690
1742745161261 29.757392100844218 691
1742745168336 40.46333478015276 692
1742745175290 37.109484648943436 693
1742745182028 39.393685387721725 694
1742745188505 42.47932001912259 695
1742745195154 26.25652046058943 696
1742745201749 47.63648256500664 697
1742745208537 33.38710329282465 698
1742745214974 31.51458625629997 699
1742745221406 54.777636302472914 700
1742745228415 39.125667367282375 701
1742745233249 32.712983366431416 702
1742745240060 52.920775116475255 703
1742745245984 47.75138715603674 704
1742745252388 48.58418863913874 705
1742745259144 36.77245597313843 706
1742745263744 21.39285023934785 707
1742745270441 31.520881203069177 708
1742745277035 40.124605106840875 709
1742745283634 54.59089495671375 710
1742745290233 29.174382870732273 711
1742745296787 47.08969772370538 712
1742745303545 39.72504823935747 713
1742745308294 27.778598630457378 714
1742745314967 28.927669670582713 715
1742745320728 26.090479985659435 716
1742745327515 49.68235538400934 717
1742745333976 30.85758347853399 718
1742745339294 35.932901789320255 719
1742745345905 21.956434063714422 720
1742745352851 55.851089164050215 721
1742745359817 38.02997636192039 722
1742745366846 34.03839300928174 723
1742745373379 44.52890557976334 724
1742745380380 33.14455769397983 725
1742745387010 31.599841217569992 726
1742745392955 30.781882395413977 727
1742745398168 39.48435698860978 728
1742745404133 18.10765951812298 729
1742745410821 22.770190242765675 730
1742745417311 18.97498409038531 731
1742745423820 34.384614691651706 732
1742745430595 45.691046711744406 733
1742745437302 31.815045115538524 734
1742745441719 40.712764230905115 735
1742745448593 34.13070493948799 736
1742745455461 38.5478139685628 737
1742745461933 45.35114272915507 738
1742745467065 29.452626709700397 739
1742745473624 30.3434408755412 740
1742745480295 43.31874389113946 741
1742745486902 23.477557652309326 742
1742745493459 49.77437857912221 743
1742745500328 34.70592168062017 744
1742745506215 40.22951307292643 745
1742745511906 28.308824996896828 746
1742745518913 34.874553456452 747
1742745524298 56.453149604133685 748
1742745530940 31.520378928433768 749
1742745537932 38.81003089933442 750
1742745543359 45.65853539655953 751
1742745549930 25.71368206631191 752
1742745556573 43.19191496204444 753
1742745562525 38.79100720909803 754
1742745569251 29.947958421065145 755
1742745575945 40.01788491588249 756
1742745581758 38.05570155476365 757
1742745587150 40.84198343726421 758
1742745593948 15.414235632281471 759
1742745600999 36.345575417922504 760
1742745606233 27.020624508135263 761
1742745613202 32.36100383600571 762
1742745619240 51.593295645220316 763
1742745626387 32.73554208461789 764
1742745633275 31.687401962125023 765
1742745639859 54.49850572415337 766
1742745645972 26.398329015400012 767
1742745652450 28.679246512896036 768
1742745659329 37.34346501500271 769
1742745665944 31.827576859034156 770
1742745671345 29.57215567167976 771
1742745678240 33.2149124313487 772
1742745685085 49.32546573216508 773
1742745691741 62.51885236017831 774
1742745697370 46.2025287268322 775
1742745702285 30.80884104688892 776
1742745708791 38.010667527394894 777
1742745715360 34.418891330747805 778
1742745722287 36.37865743406955 779
1742745729024 40.13612938579525 780
1742745735697 44.505156065748416 781
1742745741328 36.33640977805807 782
1742745747958 38.81988261902771 783
1742745754603 41.49264245469608 784
1742745760994 29.334004277294824 785
1742745767860 49.17409540777021 786
1742745774310 46.62576181518155 787
1742745780917 23.55060814043778 788
1742745786534 36.13050212125152 789
1742745791621 43.59582391833641 790
1742745798311 42.82521276179668 791
1742745805169 42.721149376941874 792
1742745810002 18.76190538055312 793
1742745816476 45.135985257220035 794
1742745823087 26.326750928228556 795
1742745829933 21.57577871160428 796
1742745836495 34.73493652576262 797
1742745843386 31.51384716474041 798
1742745849918 48.30884329401686 799
1742745856444 23.131012900280645 800
1742745863194 37.5117208996703 801
1742745868059 37.426663912881864 802
1742745874727 26.661297839572644 803
1742745881271 30.920206894562327 804
1742745888079 47.97527636458725 805
1742745894699 19.867033699989996 806
1742745900955 29.652778363151228 807
1742745908394 34.635010567359565 808
1742745914013 42.26563421440481 809
1742745919282 46.15906406815182 810
1742745925800 31.199477551266057 811
1742745931929 23.407583271317083 812
1742745938614 29.634836178050914 813
1742745945284 30.532974383583948 814
1742745950356 29.048884572637142 815
1742745957006 30.46672717613857 816
1742745963391 43.85015375383123 817
1742745970151 22.92308545702925 818
1742745974944 34.10907905780818 819
1742745981499 29.734602275525578 820
1742745986815 40.54438754021072 821
1742745993429 41.948989079529966 822
1742746000147 33.2394151962703 823
1742746007268 42.37193864934216 824
1742746014285 38.64386392184873 825
1742746020929 31.450064410209986 826
1742746027409 29.932356249115557 827
1742746033845 26.41424183912769 828
1742746040492 39.93882136183971 829
1742746046554 38.182643947565346 830
1742746053047 39.07931285082875 831
1742746059696 25.1370815429489 832
1742746066476 45.34835434127587 833
1742746073587 43.390127523752035 834
1742746078191 26.411625992185268 835
1742746084688 48.398986721443656 836
1742746089429 24.581623548664176 837
1742746095918 27.828263473712543 838
1742746101882 40.79869455065812 839
1742746108624 34.548397675593975 840
1742746115373 28.963443009104267 841
1742746120057 53.57720031163284 842
1742746127309 31.586809080950502 843
1742746133791 26.710385284112647 844
1742746138924 28.35414199729245 845
1742746145877 50.67179162479977 846
1742746152437 44.00238705286728 847
1742746157348 41.39918435253003 848
1742746164167 29.138868949786424 849
1742746170692 33.438563670049994 850
1742746177307 36.55970977246423 851
1742746184096 45.602090546499014 852
1742746188941 49.51915660095671 853
1742746194890 36.25044810638612 854
1742746200378 40.13503107598297 855
1742746206075 48.855995875402236 856
1742746212484 33.272928419137855 857
1742746219134 25.609414210602694 858
1742746223217 32.2862228784078 859
1742746229942 30.231653650182324 860
1742746236510 38.865625745488146 861
1742746243001 39.29942520456684 862
1742746249672 50.70837018583627 863
1742746256258 40.688457951364526 864
1742746262624 45.16507868532045 865
1742746268969 37.29022452954324 866
1742746275765 48.62248959985034 867
1742746282302 34.29990487579919 868
1742746288838 39.881106348310716 869
1742746294346 33.5903535072551 870
1742746301008 26.53792382741972 871
1742746307896 44.09973907894549 872
1742746314635 46.53735543437393 873
1742746319614 31.90252208250535 874
1742746326276 33.64351861704595 875
1742746332667 36.39000968956181 876
1742746338127 30.37170726953193 877
1742746343611 32.342553951451954 878
1742746349922 23.30420818788218 879
1742746356485 32.177945147205854 880
1742746363560 39.739318015077245 881
1742746367636 44.6443284390561 882
1742746374327 46.0471043006034 883
1742746381091 21.31408476987328 884
1742746387872 26.53715165074619 885
1742746392201 28.279454200711935 886
1742746398576 41.201339112737244 887
1742746404668 34.72021552615895 888
1742746410761 41.266108118825166 889
1742746417833 39.87628845629606 890
1742746424401 50.95564839580043 891
1742746430978 26.951048835856476 892
1742746437847 21.193797621040726 893
1742746444080 29.693608876787657 894
1742746450434 41.305342543700434 895
1742746456613 43.5976069418918 896
1742746461831 28.901286826116984 897
1742746468077 32.998707375498206 898
1742746474670 20.323529432491394 899
1742746481264 44.682099869922126 900
1742746487890 40.26915129358437 901
1742746494536 37.09647352185457 902
1742746501101 47.559142042326386 903
1742746507657 24.71463924277947 904
1742746513632 36.74337078967027 905
1742746520031 48.7910926611323 906
1742746525619 38.781577593635205 907
1742746532200 33.98756028360786 908
1742746538184 20.450767012032077 909
1742746544723 52.072569171913756 910
1742746548760 40.35948050957125 911
1742746555537 30.306098998968178 912
1742746561771 54.879916148224495 913
1742746566995 31.971925952389896 914
1742746573618 45.729771483687 915
1742746580285 24.864445932145383 916
1742746586799 28.994241426566333 917
1742746593681 34.47770514080191 918
1742746600247 32.41818985144141 919
1742746606018 51.951032650485644 920
1742746612507 46.41221804707323 921
1742746619233 31.376589307633914 922
1742746625175 36.03531888416518 923
1742746631750 28.267704831171958 924
1742746636534 43.03060553038695 925
1742746643056 42.96548592953191 926
1742746649994 42.01085693460331 927
1742746656151 33.074443187870266 928
1742746662274 33.64861624849106 929
1742746668610 42.57603894378672 930
1742746675211 22.99412624811351 931
1742746681081 38.64801627679099 932
1742746687725 37.77839192193296 933
1742746694514 38.73998730539472 934
1742746701162 39.14708057727623 935
1742746708134 33.565110742896174 936
1742746714750 21.012814843619054 937
1742746720580 50.87262357718116 938
1742746726344 53.031815607880645 939
1742746733360 36.720273671813445 940
1742746739139 27.045827351442494 941
1742746746094 43.890793193410055 942
1742746752812 40.16541864863065 943
1742746758182 28.255627416494626 944
1742746763795 37.20797761629264 945
1742746770372 57.845055452701914 946
1742746776915 30.604192282445414 947
1742746783408 52.27568656610162 948
1742746790259 45.51059156056655 949
1742746797458 34.08266052039837 950
1742746804128 36.73360382485149 951
1742746810833 35.347337022785595 952
1742746817326 31.955586696793468 953
1742746823845 37.55838131165581 954
1742746830444 53.35480509267123 955
1742746836719 41.16794429865651 956
1742746843793 37.25263660134149 957
1742746850289 35.03061796594895 958
1742746857198 39.457246379580134 959
1742746863788 35.567307331106406 960
1742746870146 38.680977428091616 961
1742746876939 34.90710137862294 962
1742746881704 32.90470645462119 963
1742746888538 37.788227609350116 964
1742746895380 34.854335196176166 965
1742746901204 49.69780846538968 966
1742746907728 40.74228248678198 967
1742746914313 47.47981886606898 968
1742746920937 37.04667352197371 969
1742746927390 41.045193175461904 970
1742746934200 29.585226547511382 971
1742746940841 30.601972609667246 972
1742746947596 26.186238900434507 973
1742746952453 49.24223687793792 974
1742746959245 33.007060212201985 975
1742746965887 36.38078428276239 976
1742746972631 23.3012360509392 977
1742746978913 26.739252576231728 978
1742746983600 26.15835078930918 979
1742746989927 38.69467458358424 980
1742746996320 42.36787079439871 981
1742747003275 42.7860993975724 982
1742747009004 42.73640765893245 983
1742747015579 35.49002789544905 984
1742747022327 33.470072584565735 985
1742747028889 25.725869922744625 986
1742747034679 35.33606580690348 987
1742747041335 31.91928384534519 988
1742747047930 31.160981290154893 989
1742747054787 44.964956163443645 990
1742747061258 38.5658704159198 991
1742747067855 38.46916973086514 992
1742747072801 40.78404571516681 993
1742747079286 28.178624141498453 994
1742747085160 32.19005849754479 995
1742747091625 35.32408225643061 996
1742747098227 35.903308641624086 997
1742747105188 38.677549044891876 998
1742747110822 32.38760767126036 999
1742747115884 31.37561857357379 1000
1742747122432 29.87830250854195 1001
1742747127950 35.25500094267447 1002
1742747134521 32.4074040528936 1003
1742747141103 48.44492441686624 1004
1742747147544 45.54847183990897 1005
1742747153994 46.00314564541516 1006
1742747160590 59.405966410135534 1007
1742747166799 43.612671014495334 1008
1742747173351 28.133114124160503 1009
1742747179801 34.128916515540084 1010
1742747183982 47.23338604332706 1011
1742747190042 31.814261390243882 1012
1742747197027 49.30069132062956 1013
1742747203253 36.51035542320113 1014
1742747209831 47.64003517890114 1015
1742747214959 42.95708137862884 1016
1742747221400 39.31025478132437 1017
1742747228073 44.1666871715328 1018
1742747234859 34.785177317561065 1019
1742747240222 25.095541684955514 1020
1742747245413 33.98291268885211 1021
1742747252151 42.61128553679403 1022
1742747258369 34.846512631996255 1023
1742747265040 28.071192721033917 1024
1742747271376 37.951593292451385 1025
1742747278240 31.60965894354939 1026
1742747284945 39.55590433340396 1027
1742747291111 36.281642595828416 1028
1742747297738 47.37304299006491 1029
1742747304435 41.64823549338489 1030
1742747311169 27.563900331798067 1031
1742747317847 40.49361656211503 1032
1742747324447 37.92694707101994 1033
1742747328860 39.17946052507111 1034
1742747335574 28.52105681854581 1035
1742747342635 21.438384480920096 1036
1742747349124 35.878778406977304 1037
1742747355779 41.703364877279206 1038
1742747361794 26.550929026049985 1039
1742747368834 28.539974221244975 1040
1742747375281 41.27160653069753 1041
1742747382265 31.79157646499963 1042
1742747388957 25.295440135177266 1043
1742747395529 59.73437114262001 1044
1742747402278 38.89269975690224 1045
1742747408802 32.555993562499744 1046
1742747415541 37.558962373889045 1047
1742747420965 43.260709173347976 1048
1742747427857 36.987569424040494 1049
1742747434121 42.47627049456915 1050
1742747440641 31.026409194194272 1051
1742747447231 53.56891213748243 1052
1742747453719 49.20086140772073 1053
1742747459925 45.35327246755966 1054
1742747466182 33.786923312453716 1055
1742747471972 33.27847326287455 1056
1742747478587 32.787041011472 1057
1742747485301 42.85631569614353 1058
1742747492175 28.26114678629856 1059
1742747498801 33.08402989452883 1060
1742747505397 25.381310621033236 1061
1742747511903 34.116616137174034 1062
1742747518441 45.13559630613951 1063
1742747525193 47.38757633851104 1064
1742747532014 35.358143979209444 1065
1742747538707 38.639067003107584 1066
1742747545532 18.552699509995456 1067
1742747552019 36.56362467598429 1068
1742747558506 44.259628947219056 1069
1742747565381 30.599964570765522 1070
1742747570612 24.03405933904183 1071
1742747577219 18.21313139880412 1072
1742747583763 41.77787075560956 1073
1742747590631 40.208123951921856 1074
1742747596515 31.45711273754183 1075
1742747603090 39.86686837985538 1076
1742747608675 31.409461236510182 1077
1742747615344 32.98378124359973 1078
1742747620634 52.26859574174629 1079
1742747627246 40.48109555220228 1080
1742747634266 34.88867021238599 1081
1742747639168 35.782504489780095 1082
1742747645586 39.27833355548716 1083
1742747652204 26.185095788907372 1084
1742747658044 47.950272855160705 1085
1742747664614 48.41497891323878 1086
1742747671135 30.80458086699266 1087
1742747677775 37.77114283396226 1088
1742747684487 33.138539585591424 1089
1742747691252 34.31194049298356 1090
1742747695585 33.42521456468354 1091
1742747701836 29.49061802048509 1092
1742747708655 31.100760753691944 1093
1742747715299 39.74254219384045 1094
1742747721644 29.575503842322266 1095
1742747728374 55.35945852729457 1096
1742747735239 34.189803594998125 1097
1742747741685 35.77031285059584 1098
1742747748270 46.818438127644775 1099
1742747754853 40.296248359759005 1100
1742747761486 56.204178286960015 1101
1742747767114 37.51414475289288 1102
1742747773656 40.9710501923443 1103
1742747780221 41.95078121076798 1104
1742747784739 29.343525552515278 1105
1742747791197 42.16014495260477 1106
1742747797909 26.67505870174974 1107
1742747804599 49.21459799551758 1108
1742747811197 41.367394351505475 1109
1742747818147 33.190339433926205 1110
1742747824520 31.719464848727547 1111
1742747831275 41.752249620347314 1112
1742747837390 27.933789134848933 1113
1742747843973 32.80534798272735 1114
1742747848914 28.89579586494261 1115
1742747854746 51.82262198454108 1116
1742747861300 35.186720169937836 1117
1742747867930 27.559348801538846 1118
1742747874419 26.83590951950952 1119
1742747881009 52.20349414256665 1120
1742747887674 35.56537740470395 1121
1742747894305 42.803564936653984 1122
1742747900159 34.49772849008964 1123
1742747906262 50.28881087645869 1124
1742747910575 49.5576366557892 1125
1742747917487 55.82169682247873 1126
1742747924003 44.02459498745107 1127
1742747930544 27.592503711102307 1128
1742747937002 28.27205539679463 1129
1742747943522 56.207735759947134 1130
1742747948103 31.091545458802052 1131
1742747955028 41.680539089673516 1132
1742747962065 43.98628134249936 1133
1742747967608 31.854922419179264 1134
1742747974458 34.46214935223384 1135
1742747981167 32.558762387929775 1136
1742747987584 24.360529545782633 1137
1742747994104 32.262148425049155 1138
1742748000717 27.564043140570032 1139
1742748007443 36.140621552716105 1140
1742748014270 47.41232721939241 1141
1742748020543 39.26335925740932 1142
1742748025412 38.680395816658276 1143
1742748031941 36.31214085915061 1144
1742748038726 38.87898850205528 1145
1742748045336 45.11248367387912 1146
1742748051206 36.28959725184342 1147
1742748057761 27.35593033079271 1148
1742748063123 31.9883797345685 1149
1742748069853 29.641951268324704 1150
1742748076831 35.38054618073087 1151
1742748083476 31.310199958918773 1152
1742748090608 39.848617893320906 1153
1742748095153 25.940921343425472 1154
1742748101486 39.9786433059048 1155
1742748107951 28.44967269696805 1156
1742748114634 36.79092315368557 1157
1742748121435 29.04811192581668 1158
1742748126469 44.91670137141347 1159
1742748132626 51.10108061208147 1160
1742748139240 21.980167418594 1161
1742748146192 30.319876355782693 1162
1742748151761 27.178136453165095 1163
1742748158406 38.746255653476354 1164
1742748163753 36.254988092361735 1165
1742748170287 36.36496016571715 1166
1742748176770 24.493046247101272 1167
1742748182892 29.207872392052604 1168
1742748187924 37.82532793007441 1169
1742748195121 51.54631385006494 1170
1742748201528 24.455816813613467 1171
1742748207251 32.093090584614934 1172
1742748213631 36.78371288500836 1173
1742748220440 35.78632260003521 1174
1742748227132 48.753783974061854 1175
1742748233770 37.24950062323291 1176
1742748239492 37.902826528169065 1177
1742748244438 33.45948247570041 1178
1742748251131 40.30414232096223 1179
1742748257483 25.03055086973579 1180
1742748264158 31.48254420521154 1181
1742748270406 28.999257398882218 1182
1742748276974 37.3293394205096 1183
1742748283655 48.58566036753072 1184
1742748290101 50.33494386862285 1185
1742748295811 31.842148636339374 1186
1742748302601 45.90628315907449 1187
1742748309247 31.83248227884511 1188
1742748315872 35.18623570622471 1189
1742748322615 33.15842719352436 1190
1742748328013 34.71065383510313 1191
1742748334070 27.14994781845501 1192
1742748341038 43.76160460622505 1193
1742748346680 35.305276994147434 1194
1742748352624 62.09731561420568 1195
1742748358754 39.70259654894037 1196
1742748365723 41.067460344464784 1197
1742748372661 29.518895098510495 1198
1742748378851 35.66845234386636 1199
1742748384498 26.3556243632152 1200
1742748391098 31.958465897839513 1201
1742748396842 29.903321374363767 1202
1742748402791 40.059707100461594 1203
1742748409787 34.093809280044276 1204
1742748415141 38.9328415594458 1205
1742748420665 53.168655939610886 1206
1742748427374 33.607805920297935 1207
1742748434408 36.23498177257082 1208
1742748441052 41.24238154375079 1209
1742748447824 40.7889005364992 1210
1742748454249 44.37080335006598 1211
1742748460014 50.14093429463945 1212
1742748464700 47.1644956188708 1213
1742748471437 36.682966560011614 1214
1742748478462 40.43205289794459 1215
1742748484106 45.236161777620225 1216
1742748490742 44.4999387765436 1217
1742748496683 42.34306782956304 1218
1742748503117 36.9452498369196 1219
1742748509955 48.99780843055875 1220
1742748516011 25.8659057554002 1221
1742748522594 35.207229249184515 1222
1742748526970 37.87458618778562 1223
1742748533574 29.047352154490724 1224
1742748540116 50.786259660624154 1225
1742748546787 35.43773230044685 1226
1742748553587 51.4077856882085 1227
1742748559618 36.717666264738725 1228
1742748566440 49.53695933529465 1229
1742748570896 27.753521977335932 1230
1742748576528 23.693243078942356 1231
1742748582476 28.177201725772676 1232
1742748587950 31.7310212618383 1233
1742748594604 46.398118563422365 1234
1742748600234 27.862005281201785 1235
1742748606919 58.52395371334468 1236
1742748612604 47.96962225653873 1237
1742748618563 37.02397314181212 1238
1742748625229 34.11466214310308 1239
1742748631779 32.52166479532075 1240
1742748637156 31.58081153572943 1241
1742748644063 41.02292681658469 1242
1742748650626 35.09824844168553 1243
1742748657633 49.77251609031968 1244
1742748664201 30.256433403027344 1245
1742748670842 42.053612708765016 1246
1742748677304 50.213390083136034 1247
1742748683179 28.286026693484928 1248
1742748689620 30.488577070121558 1249
1742748696241 29.125595504613745 1250
1742748703336 30.776755855657246 1251
1742748710063 42.74033132642021 1252
1742748715476 44.29111999321086 1253
1742748722332 40.989467214428046 1254
1742748728917 45.0450945986052 1255
1742748734256 35.819914915377204 1256
1742748740983 27.52538650136298 1257
1742748747531 43.133829751592195 1258
1742748753970 28.83745666383381 1259
1742748759471 27.02859248304934 1260
1742748766049 26.118942706341937 1261
1742748772613 35.92511332624896 1262
1742748777033 38.29156854172209 1263
1742748783523 45.129720523137856 1264
1742748790197 48.96948467860972 1265
1742748795771 49.20750468052094 1266
1742748802173 36.53858387307362 1267
1742748809086 25.413011561229766 1268
1742748815619 45.343464641337974 1269
1742748822382 40.68252928610182 1270
1742748829381 24.860422741430234 1271
1742748835986 36.522102534545375 1272
1742748841895 32.571467990406454 1273
1742748848572 32.22029926573481 1274
1742748855105 41.70888120788653 1275
1742748861613 36.24930557800058 1276
1742748867970 36.050880518476426 1277
1742748873373 39.49568118166173 1278
1742748879967 46.481312952443446 1279
1742748886565 48.79301161637351 1280
1742748892420 67.31424327466601 1281
1742748899080 43.4461550422907 1282
1742748905837 41.25160408540663 1283
1742748912445 36.23060002839567 1284
1742748919079 49.54805209746167 1285
1742748924810 54.142288074214946 1286
1742748930288 29.603942663154534 1287
1742748937037 27.27260022957465 1288
1742748943042 37.75618997284295 1289
1742748949374 32.03934453645971 1290
1742748955854 27.50169814097171 1291
1742748962350 28.910527614199815 1292
1742748968356 46.84402746767739 1293
1742748974934 42.6039436198582 1294
1742748981076 37.131306122126716 1295
1742748987779 40.020334159956505 1296
1742748994346 52.38546001654346 1297
1742749000827 32.21200325134228 1298
1742749007352 27.29186645524857 1299
1742749014127 46.78279172065158 1300
1742749020253 42.09072865592084 1301
1742749026288 26.591830274551572 1302
1742749032917 34.76619899168999 1303
1742749037899 23.891289476775352 1304
1742749044244 41.001004948312506 1305
1742749050936 57.870723275420595 1306
1742749056330 22.97509088791478 1307
1742749062054 26.264010003068073 1308
1742749068796 40.55139730792556 1309
1742749075403 30.61897612349471 1310
1742749080065 41.32851282537021 1311
1742749086618 29.846895598081712 1312
1742749092747 37.4072340308325 1313
1742749099356 27.400200941894575 1314
1742749105692 41.36068478045523 1315
1742749112263 43.46983978014752 1316
1742749116834 52.07776556019181 1317
1742749124107 25.719569118796898 1318
1742749130822 28.914792475936615 1319
1742749136231 32.953863075871965 1320
1742749142757 40.2116058114164 1321
1742749149453 34.278325008568316 1322
1742749156148 38.19883192862106 1323
1742749162718 36.72245486297744 1324
1742749169472 51.50382595160897 1325
1742749176016 36.81527863753805 1326
1742749182482 41.91763519886363 1327
1742749189178 42.5970840413503 1328
1742749195911 59.87828090462102 1329
1742749201750 37.75166201670849 1330
1742749208389 37.4273968045536 1331
1742749214882 38.4275226900988 1332
1742749219972 45.23555994874192 1333
1742749225783 30.23951855097741 1334
1742749231571 42.9101132911652 1335
1742749237650 42.9367920178066 1336
1742749244462 44.13539320611915 1337
1742749251167 40.40112905049587 1338
1742749258193 46.95851478159075 1339
1742749264705 35.79435958132825 1340
1742749271775 35.34641014695561 1341
1742749278099 37.66810967828128 1342
1742749282891 28.905953059826093 1343
1742749289218 43.31245115198334 1344
1742749295940 25.71787385737861 1345
1742749301864 31.639038762266825 1346
1742749306447 25.063766477736934 1347
1742749313047 30.569342428478393 1348
1742749319868 42.477491428098915 1349
1742749326146 31.003823870087157 1350
1742749333028 37.507909815916705 1351
1742749339748 30.01157230224849 1352
1742749345328 37.34833284161807 1353
1742749352331 35.20212985161501 1354
1742749358167 29.198792173095576 1355
1742749364778 38.09842968263266 1356
1742749370512 37.76761948206654 1357
1742749377107 39.65783435233662 1358
1742749383535 29.20901048864309 1359
1742749390213 56.524365025418014 1360
1742749396006 46.13545342274253 1361
1742749401668 29.209186019184703 1362
1742749407932 33.1689719223749 1363
1742749414023 32.42832431171369 1364
1742749420242 31.198959786734164 1365
1742749426896 42.22010872999018 1366
1742749433675 36.56751373617122 1367
1742749440433 35.21633134121226 1368
1742749447027 38.577503841888806 1369
1742749453545 45.31870409321321 1370
1742749460265 20.42599542431701 1371
1742749466904 28.21211285122583 1372
1742749473708 28.345038879989794 1373
1742749478248 51.14451722192328 1374
1742749484800 37.67234523494395 1375
1742749491475 41.27809312185122 1376
1742749498129 56.41914133036377 1377
1742749504021 38.8550084834214 1378
1742749509353 42.91048577070769 1379
1742749515571 31.318244458802454 1380
1742749522557 29.871540352203677 1381
1742749529325 34.41522661889874 1382
1742749535817 38.4351167524343 1383
1742749542649 41.56679112904783 1384
1742749549290 42.39253146914768 1385
1742749553592 48.497287452476634 1386
1742749560201 42.67045066554031 1387
1742749566707 27.77206051767469 1388
1742749573271 51.131804251823866 1389
1742749580193 46.51136609132646 1390
1742749586645 40.4427085068783 1391
1742749593260 46.51094225991413 1392
1742749599667 29.840226063725908 1393
1742749604534 28.640668138852195 1394
1742749611285 38.305876635471776 1395
1742749616809 35.23764484331834 1396
1742749622501 58.99476074464358 1397
1742749629188 42.67319924551652 1398
1742749635994 33.15032506679227 1399
1742749642035 32.73917872547815 1400
1742749648738 34.531549243377555 1401
1742749654031 28.10329964947639 1402
1742749660641 41.76494737522897 1403
1742749666989 43.55928878679842 1404
1742749673660 40.9250525815514 1405
1742749679381 37.34149596287133 1406
1742749686007 43.78061252584884 1407
1742749692962 35.03699753855769 1408
1742749699668 39.593578295835876 1409
1742749706282 42.597119122645466 1410
1742749712801 38.88877662955883 1411
1742749719519 32.85585917000656 1412
1742749726083 21.49552061743797 1413
1742749732662 43.26906500248097 1414
1742749738147 31.280792984460405 1415
1742749744549 32.00673928878478 1416
1742749751317 35.34482010027884 1417
1742749757966 32.47321103488396 1418
1742749764367 38.10563445032875 1419
1742749769600 22.874662186096877 1420
1742749776167 29.64830671279569 1421
1742749782674 27.3976622567115 1422
1742749789460 35.338737346618366 1423
1742749796079 31.31889919489394 1424
1742749802768 41.84575177681579 1425
1742749809491 29.87389912972327 1426
1742749816044 41.85531786265712 1427
1742749822688 51.82308926999242 1428
1742749829612 64.06342975209596 1429
1742749836341 43.50787827028016 1430
1742749843049 39.45594953147499 1431
1742749848855 32.11147320692142 1432
1742749855587 31.139662822891427 1433
1742749862033 29.228732946628178 1434
1742749868083 35.12174853536527 1435
1742749874627 30.47530086693846 1436
1742749881201 49.885378530462674 1437
1742749888372 32.17013323412995 1438
1742749893994 37.49212016944135 1439
1742749899971 33.88044617631922 1440
1742749906515 38.97816737930534 1441
1742749912861 29.118736911551263 1442
1742749919614 33.7268563967255 1443
1742749924977 20.332556737384714 1444
1742749929802 38.35388101093523 1445
1742749936461 31.398070280712204 1446
1742749943271 26.850075946203695 1447
1742749947194 28.093830137935928 1448
1742749953585 26.96449690354204 1449
1742749960454 32.72325061401882 1450
1742749967130 23.132066902209907 1451
1742749973969 45.075249918406314 1452
1742749978834 40.74212502957903 1453
1742749985053 30.258301493373317 1454
1742749991737 33.24494618330723 1455
1742749998286 32.04558524983271 1456
1742750004086 33.95488051234336 1457
1742750010755 22.076529198285144 1458
1742750016289 35.25040324999702 1459
1742750023007 29.88079636292367 1460
1742750029675 48.051154464545895 1461
1742750036338 32.568726511292326 1462
1742750042929 34.686758451443474 1463
1742750049615 41.48618097344808 1464
1742750056288 37.402810144887965 1465
1742750062930 40.51422153304155 1466
1742750069193 37.44522443516625 1467
1742750075919 29.06105953257476 1468
1742750082551 39.320836463123975 1469
1742750089094 44.467783766937345 1470
1742750095742 30.35988979929486 1471
1742750100769 26.963696491705257 1472
1742750107536 35.58730497139303 1473
1742750114071 60.73446850956262 1474
1742750120696 34.793349435011805 1475
1742750127166 38.63393589041084 1476
1742750133720 28.799611342606042 1477
1742750139191 19.11016159704086 1478
1742750145819 32.31343973450417 1479
1742750152752 41.98690945393276 1480
1742750159409 38.224608842819926 1481
1742750165914 31.234010480409783 1482
1742750170781 25.89543339989897 1483
1742750177606 45.58850895734879 1484
1742750184211 42.6916692281924 1485
1742750190646 33.09208074708262 1486
1742750197269 28.79421769979242 1487
1742750203882 52.328870613408235 1488
1742750208190 42.98073874302627 1489
1742750215034 53.775647471295734 1490
1742750221131 31.181447954570704 1491
1742750228367 29.90274614662534 1492
1742750234177 37.16331020530208 1493
1742750240166 28.711461788185513 1494
1742750246190 31.487491652551483 1495
1742750252956 45.194914474116246 1496
1742750259694 30.833562937253088 1497
1742750264901 36.95702086601332 1498
1742750271506 25.097036738392223 1499
1742750277826 54.37691298186451 1500
1742750284490 42.72351040796006 1501
1742750289778 44.323889701239594 1502
1742750295288 41.898731211246606 1503
1742750301966 29.779166420207975 1504
1742750308286 25.973772922451033 1505
1742750314640 35.45630696373686 1506
1742750321519 40.434189136607465 1507
1742750327114 42.95644208517134 1508
1742750332786 37.82240837693385 1509
1742750338967 22.392088962272492 1510
1742750345651 48.81491616918649 1511
1742750352357 50.59115132153051 1512
1742750358999 38.2880364623893 1513
1742750365674 45.12718010037473 1514
1742750371572 34.30428489063852 1515
1742750378164 46.35686940665307 1516
1742750384938 39.92612182769092 1517
1742750391667 29.50082312473917 1518
1742750398382 40.38187690481027 1519
1742750404946 40.40634651264954 1520
1742750411196 43.064625826800366 1521
1742750417954 27.390495925270677 1522
1742750422996 22.435956515042356 1523
1742750429956 33.11078755311192 1524
1742750436515 37.753958176166805 1525
1742750442081 47.0183797020527 1526
1742750449037 47.446892917976854 1527
1742750455852 37.22804287335935 1528
1742750461180 34.380196259490695 1529
1742750467109 34.3759163796325 1530
1742750473993 42.10667028644846 1531
1742750480850 22.68814390061871 1532
1742750485460 35.94992357066181 1533
1742750492513 39.32075905053249 1534
1742750498680 56.232693421977416 1535
1742750505418 44.469141516096855 1536
1742750512205 37.689020591726475 1537
1742750518665 35.4963782572119 1538
1742750525263 32.531282008926965 1539
1742750531868 44.76153281968637 1540
1742750536974 36.40494912981923 1541
1742750543967 30.178932076954087 1542
1742750550560 47.647509011439745 1543
1742750557131 41.63315240848113 1544
1742750563323 19.000218526053033 1545
1742750569793 38.0621981306006 1546
1742750576403 47.77917573797491 1547
1742750581955 29.372659807661044 1548
1742750587763 41.50988776850126 1549
1742750594810 52.00858651351982 1550
1742750600245 23.689472937905627 1551
1742750606167 52.806265313609856 1552
1742750612827 35.877111225658375 1553
1742750620159 29.63294466410722 1554
1742750626762 35.07716554635521 1555
1742750633305 38.465620655522606 1556
1742750640473 32.423849865319 1557
1742750645982 24.37846939423456 1558
1742750651680 44.74167741789748 1559
1742750658407 34.434160911616175 1560
1742750665085 37.612420372133705 1561
1742750671838 36.87759450575916 1562
1742750678428 32.89839498345727 1563
1742750684884 28.437671820661635 1564
1742750690499 40.50028283896265 1565
1742750696227 37.04217897514753 1566
1742750702863 21.22532243275779 1567
1742750709420 27.991156936759072 1568
1742750714277 37.17590298144943 1569
1742750720850 33.952520471137305 1570
1742750726774 43.71993800078324 1571
1742750733447 25.730654693588097 1572
1742750740001 58.79744515514957 1573
1742750746599 30.109687893394184 1574
1742750751629 27.728598802225306 1575
1742750756022 39.6752059753673 1576
1742750762838 45.39735758071902 1577
1742750769686 31.451687928297257 1578
1742750776130 36.6723117475795 1579
1742750782814 30.887544956146947 1580
1742750789687 24.17033097491881 1581
1742750796598 36.838041539291055 1582
1742750803549 29.0005620434486 1583
1742750810372 29.905337315618446 1584
1742750817015 37.6153305882938 1585
1742750823563 42.76035175365153 1586
1742750830165 20.920088569142273 1587
1742750835074 38.05307862208084 1588
1742750841943 39.76154380856903 1589
1742750847661 34.969329029463324 1590
1742750854432 50.41884244258203 1591
1742750861151 40.931170998342054 1592
1742750867707 44.67715281820042 1593
1742750874544 22.65219957469907 1594
1742750880723 34.51169971789973 1595
1742750886844 36.13962604689038 1596
1742750893753 37.217015106129836 1597
1742750900196 50.346878194516904 1598
1742750907197 48.08920365507627 1599
1742750913481 34.52440102369372 1600
1742750920017 21.06097109022135 1601
1742750925392 30.468902749360804 1602
1742750930997 32.31229374698505 1603
1742750937689 37.98866681200344 1604
1742750944412 29.459011818733725 1605
1742750949810 25.413877133578897 1606
1742750956168 39.6184137293813 1607
1742750961616 51.11798274952974 1608
1742750968633 25.961165245986525 1609
1742750975623 44.357560190757 1610
1742750982489 51.07844850022557 1611
1742750989442 36.620326940234136 1612
1742750994149 37.13705629895826 1613
1742751000934 35.700273560825764 1614
1742751007643 25.246642766929824 1615
1742751013337 28.24548371295352 1616
1742751018108 31.93723108820651 1617
1742751024948 25.58838437825603 1618
1742751031397 34.682452997209516 1619
1742751038193 33.07047866412572 1620
1742751045015 48.54214722982503 1621
1742751050577 38.340352104930744 1622
1742751056386 29.71764930559371 1623
1742751063093 23.343868200595175 1624
1742751069459 41.124735130220635 1625
1742751076344 47.23147559390646 1626
1742751083258 24.995631695264596 1627
1742751089770 51.596554251381946 1628
1742751096623 47.194490121445924 1629
1742751103393 37.97780509908822 1630
1742751107681 22.305476582645426 1631
1742751114689 38.91642168636654 1632
1742751121751 33.786238747692536 1633
1742751128050 24.48735693073162 1634
1742751134118 35.17457420847472 1635
1742751139866 24.80884280663833 1636
1742751145881 53.92158599047741 1637
1742751152733 23.50951786460378 1638
1742751159343 20.570299365573277 1639
1742751164911 50.51290382567328 1640
1742751171376 38.87778758927601 1641
1742751177282 25.83060599949334 1642
1742751182824 45.58882856585822 1643
1742751187478 37.71914005548818 1644
1742751193963 32.6974315302622 1645
1742751200474 35.711739453334715 1646
1742751207471 31.951707126319278 1647
1742751214312 59.243349263262935 1648
1742751220081 21.188616824298997 1649
1742751225515 32.69192940672626 1650
1742751231129 39.32420460123611 1651
1742751238296 28.72636035057849 1652
1742751244923 43.01037019878372 1653
1742751250583 36.93801244469532 1654
1742751256448 48.487363396332185 1655
1742751263328 36.88507815863746 1656
1742751267597 23.57425295226883 1657
1742751274406 39.144495395584514 1658
1742751281120 35.373970447357486 1659
1742751287970 51.538883519450245 1660
1742751294496 31.783055954457858 1661
1742751301214 51.01912894692352 1662
1742751307991 33.84095289974135 1663
1742751314855 37.345853322450125 1664
1742751321487 30.40559681196063 1665
1742751328360 25.968058280866746 1666
1742751334518 33.1454518819438 1667
1742751339543 38.622318199545745 1668
1742751346246 33.90164580898981 1669
1742751353115 43.383141044186594 1670
1742751359937 40.32900781187849 1671
1742751367072 49.07447130759047 1672
1742751373923 36.90666798178533 1673
1742751379806 48.7727952597549 1674
1742751385594 32.7898082542968 1675
1742751392526 33.8244832754548 1676
1742751398822 57.40542485582881 1677
1742751405242 36.79725683880645 1678
1742751411878 32.99982185937291 1679
1742751418598 30.75260755494194 1680
1742751425395 21.18113680621261 1681
1742751432320 48.225032839092485 1682
1742751439083 24.534254575825653 1683
1742751445853 26.178474550930755 1684
1742751452613 37.887508710223706 1685
1742751457968 46.96609050996209 1686
1742751464892 47.26277245780782 1687
1742751471049 28.042327147273017 1688
1742751476338 33.38321001340827 1689
1742751482903 44.23481818907654 1690
1742751487955 48.84474830702403 1691
1742751494730 32.19567573128072 1692
1742751500178 42.97389139755039 1693
1742751506665 41.83288047239204 1694
1742751513385 35.33783194115257 1695
1742751520117 25.388508546174887 1696
1742751526709 25.950577308430947 1697
1742751533503 21.172587311283454 1698
1742751540266 24.468501988291756 1699
1742751546913 53.090624919630685 1700
1742751554228 36.321453998154105 1701
1742751560928 42.796531263363164 1702
1742751567802 31.21653616201419 1703
1742751574578 40.368801362299735 1704
1742751579158 43.041753880681576 1705
1742751584907 19.989811809234478 1706
1742751591486 37.59787694467433 1707
1742751598312 23.324149927994128 1708
1742751604994 40.362965198639316 1709
1742751612134 24.603719307316492 1710
1742751618993 58.510227477431066 1711
1742751625954 21.41861485300457 1712
1742751632826 34.56652271412175 1713
1742751637294 41.57525852292969 1714
1742751643436 43.30406862741897 1715
1742751650169 42.46846646831441 1716
1742751656493 40.8521511273693 1717
1742751663209 34.2753688181692 1718
1742751669998 30.223670713003433 1719
1742751675318 42.55099709060052 1720
1742751682027 39.629985207425186 1721
1742751686489 38.03109009653851 1722
1742751693316 32.78330661157635 1723
1742751700346 39.655942380804554 1724
1742751706983 28.294606718579818 1725
1742751713836 45.937144470496165 1726
1742751720508 56.79965064100857 1727
1742751727220 41.61139516413155 1728
1742751733988 43.18724117485688 1729
1742751740682 51.66777625563351 1730
1742751745677 32.23382876122304 1731
1742751752283 43.47855140398435 1732
1742751759408 20.922321132388817 1733
1742751765658 23.73272000418038 1734
1742751772382 43.4731305790029 1735
1742751778122 46.49785554837493 1736
1742751785049 28.447673097109057 1737
1742751790207 54.84297256998251 1738
1742751797232 37.997351590027904 1739
1742751803965 26.656076267522437 1740
1742751811245 34.50392524126814 1741
1742751817343 36.71983783261402 1742
1742751824070 40.23072952216592 1743
1742751830121 28.712302704511927 1744
1742751837911 42.20224718005614 1745
1742751843830 41.523775701230136 1746
1742751850671 48.505197469336245 1747
1742751858385 43.62925222506863 1748
1742751865379 49.953393022860794 1749
1742751873664 38.86204535216742 1750
1742751880930 37.20164456947827 1751
1742751888033 33.533832687215906 1752
1742751894630 30.159326638728608 1753
1742751901286 43.84243037761322 1754
1742751907905 36.313094128661525 1755
1742751913450 40.788519849480686 1756
1742751920232 40.45514924086002 1757
1742751926542 45.90401672472789 1758
1742751933392 37.001908519064294 1759
1742751940113 27.01148022288292 1760
1742751946998 27.83582439004898 1761
1742751953104 24.67976868122647 1762
1742751959090 33.96919302256966 1763
1742751965852 28.177237944554793 1764
1742751972140 39.68866551251751 1765
1742751979174 26.532581750068104 1766
1742751985756 46.503058641359445 1767
1742751992317 37.76969744733989 1768
1742751997077 24.216553010793174 1769
1742752003708 35.94540708822338 1770
1742752010070 44.158007304106384 1771
1742752016740 41.242306805636325 1772
1742752023724 40.32535933234663 1773
1742752030172 54.07671605008561 1774
1742752034807 27.95989037218528 1775
1742752041486 47.3100674762812 1776
1742752048197 23.521452110457947 1777
1742752055144 48.909931685086974 1778
1742752061607 37.35979184789565 1779
1742752068585 37.73908689315656 1780
1742752075224 41.34031118504224 1781
1742752078923 39.21673004083252 1782
1742752085562 33.31865938525782 1783
1742752092346 31.68683576646699 1784
1742752099420 28.98198856025999 1785
1742752106236 30.323308824334717 1786
1742752113422 34.47327895153905 1787
1742752120211 39.601895224330974 1788
1742752125600 32.9515093837953 1789
1742752132320 33.57487385985398 1790
1742752138596 37.15084976026707 1791
1742752144315 35.974353037752714 1792
1742752151309 47.070808477607926 1793
1742752158301 26.368197440325527 1794
1742752164869 40.929093426008855 1795
1742752170418 35.595609095280516 1796
1742752177595 53.716846633209634 1797
1742752184001 21.882778857821034 1798
1742752191002 39.17572136683548 1799
1742752196732 31.86822440313086 1800
1742752203541 42.97777896789813 1801
1742752209206 37.49607784934795 1802
1742752216454 63.66547172660373 1803
1742752223778 40.34597853404225 1804
1742752230679 47.76443642391299 1805
1742752237811 53.324649703974956 1806
1742752244815 47.87623317088645 1807
1742752249658 43.670880232242226 1808
1742752257422 36.35900913619022 1809
1742752264600 27.89953207652233 1810
1742752271420 30.33755238131412 1811
1742752277962 31.723468744502053 1812
1742752285080 29.035896503083933 1813
1742752292520 23.712746607422645 1814
1742752299714 37.33461461766276 1815
1742752306891 32.051674168392445 1816
1742752314086 34.65263848341794 1817
1742752321142 38.96072718625287 1818
1742752327415 38.40959448517546 1819
1742752334767 38.50296372471779 1820
1742752341899 22.424633210105643 1821
1742752349048 25.613140356912353 1822
1742752355464 23.22398730770633 1823
1742752362182 53.62414048694855 1824
1742752369373 46.86894404865765 1825
1742752376787 31.673983900397293 1826
1742752384491 34.81035470964126 1827
1742752389815 47.47378974636817 1828
1742752397050 46.155595829744755 1829
1742752404746 31.60046218353554 1830
1742752411854 46.82238195764361 1831
1742752418426 23.299729692007915 1832
1742752425821 37.758102355511475 1833
1742752431209 20.81730480939355 1834
1742752438531 36.04827610704802 1835
1742752445633 35.837531044665305 1836
1742752453023 22.930727239427387 1837
1742752460378 42.51964754486073 1838
1742752467631 48.21683296468715 1839
1742752474576 26.34654301316293 1840
1742752481748 36.795320567583424 1841
1742752488039 53.38384463893931 1842
1742752493528 44.59495069087744 1843
1742752500136 42.30625133353989 1844
1742752507422 60.49821531307302 1845
1742752513006 29.810963892826273 1846
1742752520171 36.911560818714754 1847
1742752527326 42.34345783692527 1848
1742752534165 31.68833286804295 1849
1742752541307 50.37064121146091 1850
1742752548826 43.800489284331626 1851
1742752556214 48.58101332320984 1852
1742752561435 33.90939273902877 1853
1742752568663 44.0067078146747 1854
1742752575758 35.347891809013916 1855
1742752583102 23.507064092691966 1856
1742752589940 41.70587750168458 1857
1742752597260 38.89013762385778 1858
1742752604565 37.03955832558979 1859
1742752611826 55.70349176736548 1860
1742752619147 41.88043305054886 1861
1742752626545 45.44591825678557 1862
1742752634270 43.34552209208082 1863
1742752641464 31.91528679871898 1864
1742752648667 60.07608271192806 1865
1742752655548 37.48560085177176 1866
1742752662718 41.23810101823153 1867
1742752669867 36.66439498240659 1868
1742752677138 41.68358548059599 1869
1742752684216 46.09677176941395 1870
1742752689622 34.388868791703864 1871
1742752696554 28.774984085165165 1872
1742752703975 34.51283540641356 1873
1742752710732 18.046692420577376 1874
1742752717878 35.094950839332725 1875
1742752724086 34.14506678682572 1876
1742752731143 25.82616737901365 1877
1742752736933 30.210152518884268 1878
1742752744475 26.432202121890043 1879
1742752751588 41.52528365456849 1880
1742752758879 39.788680631308324 1881
1742752766002 21.826043481605264 1882
1742752772289 31.10141039733162 1883
1742752779689 46.40073314353572 1884
1742752786814 38.31991492902433 1885
1742752793799 37.351537307830085 1886
1742752799767 29.262451855720755 1887
1742752807306 40.33532240717006 1888
1742752814366 37.729036083793474 1889
1742752821738 47.62953940351449 1890
1742752829021 61.69628475395071 1891
1742752836268 36.31145617751678 1892
1742752842602 44.381750587957235 1893
1742752848362 41.50815994311813 1894
1742752855660 44.13477092244889 1895
1742752862994 41.64560593199512 1896
1742752870354 54.954399906150435 1897
1742752875955 47.59150250781743 1898
1742752883082 50.96885929301298 1899
1742752890343 30.732692442228945 1900
1742752897506 31.288253061687243 1901
1742752904725 36.75921395176959 1902
1742752912052 33.701456085677336 1903
1742752915729 17.95135160988506 1904
1742752922280 41.271734206669706 1905
1742752929005 29.40258908239636 1906
1742752933644 37.04615268607973 1907
1742752940840 41.42512797335379 1908
1742752948390 26.931097651472758 1909
1742752954969 33.52811454464495 1910
1742752962324 44.820517362845514 1911
1742752969672 36.4768990421793 1912
1742752977086 48.74197220725119 1913
1742752984307 32.57248175273065 1914
1742752990140 28.593662280816158 1915
1742752997548 30.32445220455718 1916
1742753003056 39.23576403613321 1917
1742753010192 38.101398483603774 1918
1742753017452 31.384216965113037 1919
1742753024401 35.54130515863791 1920
1742753031535 59.417638634656015 1921
1742753038869 51.9034677236313 1922
1742753045416 45.6369641754901 1923
1742753052636 28.293097734245354 1924
1742753058851 28.800051041274177 1925
1742753066310 46.621660610135386 1926
1742753073342 32.290538989094706 1927
1742753080302 39.0752632979005 1928
1742753087553 48.93600468674084 1929
1742753093867 21.400449402760977 1930
1742753101021 46.27399501229316 1931
1742753108131 47.65802045524055 1932
1742753115393 39.23377027298453 1933
1742753122406 51.53684192294013 1934
1742753128390 31.638881331580254 1935
1742753133768 30.24429456775898 1936
1742753140732 36.98433585250125 1937
1742753147966 49.16888797109549 1938
1742753155124 31.433266926105837 1939
1742753162671 40.78862214685583 1940
1742753169835 38.355267813313546 1941
1742753175771 40.06663841156848 1942
1742753183154 31.230865834848963 1943
1742753190197 44.802674095249586 1944
1742753195361 16.42413502722024 1945
1742753202760 49.19424669930281 1946
1742753209749 28.86757645406064 1947
1742753216779 27.650580380758505 1948
1742753224163 37.113977555138746 1949
1742753230156 38.906896225290566 1950
1742753237501 34.177165404809514 1951
1742753244406 32.10609110636005 1952
1742753251497 28.32544777050222 1953
1742753258408 31.32802368671454 1954
1742753265139 43.87551837303951 1955
1742753272438 40.942472142440224 1956
1742753278109 32.8019626952768 1957
1742753284269 43.9266621160397 1958
1742753291249 38.29424693065093 1959
1742753297844 47.80234342780974 1960
1742753304970 42.5350925877542 1961
1742753312158 33.058501510011425 1962
1742753317057 31.434149786985646 1963
1742753323681 27.90800657103513 1964
1742753330554 31.55465362335165 1965
1742753337906 42.57697855501893 1966
1742753343096 40.643285729347724 1967
1742753350025 33.14758070761234 1968
1742753357079 30.654086298552528 1969
1742753364315 44.80147452054477 1970
1742753371477 39.2573360220963 1971
1742753378617 35.137655276272476 1972
1742753385761 37.09507941721265 1973
1742753393008 51.465505607680726 1974
1742753400248 39.40359863983201 1975
1742753406009 44.04447934494146 1976
1742753413194 34.96376421565665 1977
1742753420504 29.12952311923496 1978
1742753427846 39.85051156789231 1979
1742753434990 29.257116156110648 1980
1742753442328 38.1055463327319 1981
1742753449602 31.977803058047623 1982
1742753455108 26.415198341233012 1983
1742753462276 32.376219932819275 1984
1742753469460 40.58492381258326 1985
1742753476594 32.10913409269875 1986
1742753483824 23.249678960037475 1987
1742753491335 35.600644606101774 1988
1742753497912 46.39181952737195 1989
1742753504473 35.90523448767142 1990
1742753511632 43.32212369154526 1991
1742753518950 44.14953260059906 1992
1742753526372 27.634468810736085 1993
1742753533207 47.63838381490722 1994
1742753539813 39.03966623890568 1995
1742753546999 35.71790029071533 1996
1742753554280 38.920435579570665 1997
1742753561236 26.002021235921617 1998
1742753568101 35.71322499525772 1999
1742753573399 54.29742269510034 2000
1742753580368 41.65420301611329 2001
1742753587597 34.646367896062195 2002
1742753594756 44.0266677944396 2003
1742753600983 34.50641695195123 2004
1742753606783 33.153990835866544 2005
1742753613625 44.38114783563779 2006
1742753621017 38.44501689036314 2007
1742753626631 30.18129763679343 2008
1742753633766 41.1065611786069 2009
1742753640108 25.1532766094965 2010
1742753647539 37.908512447501295 2011
1742753654729 45.19633753927281 2012
1742753660995 56.92375009712124 2013
1742753666277 35.202888656157285 2014
1742753673319 33.40641739694132 2015
1742753680517 39.192050955638464 2016
1742753687981 26.685439878429804 2017
1742753694867 45.62075990702269 2018
1742753702218 33.57656640863815 2019
1742753708997 31.83984509532844 2020
1742753715957 47.54077398393236 2021
1742753722913 28.698404508905952 2022
1742753730372 43.973086816919164 2023
1742753737608 45.01416463481199 2024
1742753744695 18.531503760104027 2025
1742753749927 27.316586306124425 2026
1742753757144 31.69293867667472 2027
1742753763434 29.37384757352023 2028
1742753770893 32.307414855600726 2029
1742753777559 29.128283496385663 2030
1742753784244 26.28962928768897 2031
1742753791492 41.54397405389468 2032
1742753798212 26.222850266137982 2033
1742753805312 37.08960384590215 2034
1742753812720 36.598066866915616 2035
1742753819132 35.52190726001514 2036
1742753826032 43.04030001058605 2037
1742753833192 38.578980946741794 2038
1742753840207 22.219540084197433 2039
1742753847267 41.77243264142427 2040
1742753853518 39.383374013231126 2041
1742753860780 31.165720121470095 2042
1742753868064 35.61408336748775 2043
1742753875395 43.819439915233794 2044
1742753882905 26.12061171024068 2045
1742753887900 23.588933141879235 2046
1742753895022 22.897830117987397 2047
1742753901967 34.41519820342255 2048
1742753909215 49.043807466804495 2049
1742753916002 37.62085895504215 2050
1742753923125 42.08977788927836 2051
1742753930683 36.8217380374244 2052
1742753935311 29.07921908270292 2053
1742753942621 23.529117055246918 2054
1742753950010 46.52899211497784 2055
1742753956634 40.61105101544667 2056
1742753963932 44.13743547357082 2057
1742753969877 33.798727897062015 2058
1742753976698 33.88579036083127 2059
1742753983797 41.31867126204892 2060
1742753989536 26.729549067900486 2061
1742753995100 26.98377631004777 2062
1742754001795 36.19407244608351 2063
1742754008871 29.22756068072293 2064
1742754015103 52.47101665343825 2065
1742754022315 38.485970713180095 2066
1742754029477 40.58053140902941 2067
1742754036267 38.05703721969472 2068
1742754042796 44.48600798346871 2069
1742754048954 40.08784735684809 2070
1742754055768 34.423304530418946 2071
1742754061707 44.243300228972814 2072
1742754067825 42.68939227893986 2073
1742754074747 29.21147823059783 2074
1742754081786 51.92153262104242 2075
1742754088631 17.464339879361198 2076
1742754095022 49.24764915812165 2077
1742754101296 44.1469009364956 2078
1742754108086 42.03387448085136 2079
1742754114954 36.5528196391209 2080
1742754121819 35.47374596735695 2081
1742754126339 24.16163511863441 2082
1742754133408 20.65086745122525 2083
1742754140041 30.443060118342434 2084
1742754146984 27.971867486975114 2085
1742754152392 40.34350816124677 2086
1742754159807 47.22898006636054 2087
1742754166758 36.25257717398035 2088
1742754172001 33.45415324361981 2089
1742754178933 24.122290041554734 2090
1742754185987 31.080261060829017 2091
1742754193309 29.76940866987086 2092
1742754200496 31.94393522609845 2093
1742754207431 34.36850284420638 2094
1742754214442 33.82620126872549 2095
1742754221419 46.509104867075294 2096
1742754227751 47.27189336895563 2097
1742754232508 24.068555039361605 2098
1742754239369 50.451867772234564 2099
