1742481800840 3.499337673187256 0
1742481811108 21.61495590209961 1
1742481821336 -33.600624084472656 2
1742481831688 -2.487095832824707 3
1742481841906 19.875152587890625 4
1742481852632 -8.242254257202148 5
1742481862017 -16.225969314575195 6
1742481872718 9.941027641296387 7
1742481876099 4.156953811645508 8
1742481886601 23.79415512084961 9
1742481897197 16.02107048034668 10
1742481907995 -15.441718101501465 11
1742481918373 34.47658157348633 12
1742481928577 -29.029109954833984 13
1742481938953 -9.498682022094727 14
1742481949241 -1.5740017890930176 15
1742481959716 0.03471851348876953 16
1742481970264 0.9414224624633789 17
1742481981113 7.282541275024414 18
1742481991268 -39.56071472167969 19
1742481997709 5.028692245483398 20
1742481998391 nan 21
