1742481800840 -0.16622379997575384 0
1742481811108 -0.2348810795123245 1
1742481821336 -0.16414074432799255 2
1742481831688 -0.211538727969684 3
1742481841906 -0.16626287528683947 4
1742481852632 -0.2409659341960799 5
1742481862017 -0.21567658070007187 6
1742481872718 -0.18413127934884663 7
1742481876099 -0.10406886906333691 8
1742481886601 -0.2132860169115775 9
1742481897197 -0.1619309259485209 10
1742481907995 -0.20034169095722557 11
1742481918373 -0.15120256304595098 12
1742481928577 -0.15692670719845886 13
1742481938953 -0.2576692137167974 14
1742481949241 -0.18264757441315854 15
1742481959716 -0.2273427909350415 16
1742481970264 -0.16585286923777842 17
1742481981113 -0.17699008341584369 18
1742481991268 -0.2589850863674076 19
1742481997709 -0.13526313299726622 20
1742481998391 9.87143697217112 21
