1742481800840 -49.86713999272615 0
1742481811108 -70.46432385369735 1
1742481821336 -49.24222329839777 2
1742481831688 -63.4616183909052 3
1742481841906 -49.87886258605184 4
1742481852632 -72.28978025882397 5
1742481862017 -50.68399646451689 6
1742481872718 -55.23938380465399 7
1742481876099 -5.723787798483531 8
1742481886601 -63.98580507347325 9
1742481897197 -48.579277784556275 10
1742481907995 -60.10250728716767 11
1742481918373 -45.36076891378529 12
1742481928577 -47.07801215953766 13
1742481938953 -77.30076411503921 14
1742481949241 -54.79427232394756 15
1742481959716 -68.20283728051245 16
1742481970264 -49.75586077133352 17
1742481981113 -53.09702502475311 18
1742481991268 -77.69552591022227 19
1742481997709 -18.531049220625473 20
1742481998391 9.87143697217112 21
