1742736155089 0.98 0
1742736158869 0.9603999999999999 1
1742736162795 0.9411919999999999 2
1742736166760 0.9223681599999999 3
1742736170812 0.9039207967999998 4
1742736174662 0.8858423808639998 5
1742736178618 0.8681255332467198 6
1742736182495 0.8507630225817854 7
1742736186431 0.8337477621301497 8
1742736190606 0.8170728068875467 9
1742736194494 0.8007313507497957 10
1742736198435 0.7847167237347998 11
1742736202331 0.7690223892601038 12
1742736206316 0.7536419414749017 13
1742736210393 0.7385691026454037 14
