1742736155089 113.45997619628906 0
1742736158869 54.59357452392578 1
1742736162795 77.31316375732422 2
1742736166760 52.40635299682617 3
1742736170812 21.82935905456543 4
1742736174662 21.337505340576172 5
1742736178618 45.49726867675781 6
1742736182495 38.128604888916016 7
1742736186431 39.610862731933594 8
1742736190606 26.23048973083496 9
1742736194494 69.24452209472656 10
1742736198435 99.1280746459961 11
1742736202331 38.61324691772461 12
1742736206316 109.34420776367188 13
1742736210393 24.43915557861328 14
