1742736155089 0.885440509607075 0
1742736158869 0.45059590322824616 1
1742736162795 0.6717696693730117 2
1742736166760 0.5303600825376686 3
1742736170812 0.14167719215596714 4
1742736174662 0.1722921720064062 5
1742736178618 0.37852879676900897 6
1742736182495 0.3275959019819992 7
1742736186431 0.30949400365201024 8
1742736190606 0.22295114232054836 9
1742736194494 0.5206339649769601 10
1742736198435 0.928184546119289 11
1742736202331 0.38019975171830095 12
1742736206316 0.9707551192141536 13
1742736210393 0.29780330121204357 14
