1742736155089 88.5440509607075 0
1742736158869 45.05959032282462 1
1742736162795 67.17696693730117 2
1742736166760 53.03600825376686 3
1742736170812 14.167719215596714 4
1742736174662 17.22921720064062 5
1742736178618 37.8528796769009 6
1742736182495 32.75959019819992 7
1742736186431 30.949400365201022 8
1742736190606 22.295114232054836 9
1742736194494 52.06339649769601 10
1742736198435 92.8184546119289 11
1742736202331 38.0199751718301 12
1742736206316 97.07551192141536 13
1742736210393 29.780330121204354 14
