1742494688443 300.0 0
1742494697660 300.0 1
1742494707045 300.0 2
1742494716276 300.0 3
1742494725453 300.0 4
1742494734695 300.0 5
1742494744181 300.0 6
1742494753856 300.0 7
1742494763046 300.0 8
1742494772325 300.0 9
1742494781745 300.0 10
1742494791123 300.0 11
1742494801056 300.0 12
1742494810870 300.0 13
1742494820129 300.0 14
1742494829506 300.0 15
1742494838888 300.0 16
1742494848082 300.0 17
1742494857285 300.0 18
1742494866462 300.0 19
1742494875989 300.0 20
1742494885337 300.0 21
1742494894775 300.0 22
1742494904334 300.0 23
1742494913801 300.0 24
1742494923969 300.0 25
1742494933997 300.0 26
1742494943824 300.0 27
1742494953016 300.0 28
1742494962665 300.0 29
1742494972061 300.0 30
1742494981287 300.0 31
1742494990484 300.0 32
1742494999961 300.0 33
1742495009268 300.0 34
1742495018684 300.0 35
1742495028257 300.0 36
1742495038355 300.0 37
1742495047452 300.0 38
1742495052657 148.0 39
1742495061966 300.0 40
1742495071323 300.0 41
1742495080666 300.0 42
1742495089982 300.0 43
1742495099283 300.0 44
1742495108466 300.0 45
1742495118156 300.0 46
1742495127295 300.0 47
1742495128019 1.0 48
