1742494688443 -0.008381541818380356 0
1742494697660 -0.008396088145673275 1
1742494707045 -0.008410487323999405 2
1742494716276 -0.008425300009548664 3
1742494725453 -0.008442576043307781 4
1742494734695 -0.008454831317067146 5
1742494744181 -0.008475393056869507 6
1742494753856 -0.008483563549816608 7
1742494763046 -0.008500867523252964 8
1742494772325 -0.008526229299604893 9
1742494781745 -0.008542618714272976 10
1742494791123 -0.008575386367738247 11
1742494801056 -0.008590217679738998 12
1742494810870 -0.008605875074863434 13
1742494820129 -0.008630103431642056 14
1742494829506 -0.008644039742648602 15
1742494838888 -0.008682318031787872 16
1742494848082 -0.008707808330655098 17
1742494857285 -0.008759741671383381 18
1742494866462 -0.008786460384726524 19
1742494875989 -0.008844991214573383 20
1742494885337 -0.008869128301739693 21
1742494894775 -0.008908183313906193 22
1742494904334 -0.008969828486442566 23
1742494913801 -0.009008948691189289 24
1742494923969 -0.009057661518454552 25
1742494933997 -0.009115294553339481 26
1742494943824 -0.009272530674934387 27
1742494953016 -0.009160992689430714 28
1742494962665 -0.009293981827795506 29
1742494972061 -0.009344221092760563 30
1742494981287 -0.009416921995580196 31
1742494990484 -0.009609919972717762 32
1742494999961 -0.009673886001110077 33
1742495009268 -0.00974301528185606 34
1742495018684 -0.010015172883868217 35
1742495028257 -0.010122774168848991 36
1742495038355 -0.010090041905641556 37
1742495047452 -0.010285070165991783 38
1742495052657 -0.010612408630549908 39
1742495061966 -0.010532522574067116 40
1742495071323 -0.011005534790456295 41
1742495080666 -0.011001000180840492 42
1742495089982 -0.011063219979405403 43
1742495099283 -0.011366909369826317 44
1742495108466 -0.011817307211458683 45
1742495118156 -0.011989261023700237 46
1742495127295 -0.012085036374628544 47
1742495128019 nan 48
