1742494688443 0.1384485130583356 0
1742494697660 0.34586935334592417 1
1742494707045 0.09436662926481174 2
1742494716276 0.09573380718846525 3
1742494725453 0.24237922074197182 4
1742494734695 0.6146920370028277 5
1742494744181 0.24105461753058932 6
1742494753856 0.39941030492609897 7
1742494763046 0.42737963415507885 8
1742494772325 0.7093019393290095 9
1742494781745 0.3689684931384474 10
1742494791123 0.1599972710443671 11
1742494801056 0.12177986966404518 12
1742494810870 0.31979120962119645 13
1742494820129 0.24102625700359306 14
1742494829506 0.5409538424213182 15
1742494838888 0.7879883355381423 16
1742494848082 0.5799985541839048 17
1742494857285 0.06320237513368851 18
1742494866462 0.48439131674608554 19
1742494875989 0.9588702220059543 20
1742494885337 0.09960582618005294 21
1742494894775 0.27441021087381356 22
1742494904334 0.4492565558286432 23
1742494913801 0.19670260679424476 24
1742494923969 0.17121900545021473 25
1742494933997 0.07137627441687037 26
1742494943824 0.04074882759305814 27
1742494953016 0.34157004289169424 28
1742494962665 0.9162400796242264 29
1742494972061 0.5201810094020284 30
1742494981287 0.3840653522323729 31
1742494990484 0.40998420049256135 32
1742494999961 0.2786885687052927 33
1742495009268 0.6250837560436996 34
1742495018684 0.21026649046719337 35
1742495028257 0.23186503021360033 36
1742495038355 0.16354859046859363 37
1742495047452 0.1828336467044087 38
1742495052657 1.0101473967641434 39
1742495061966 0.13661252748122565 40
1742495071323 0.20910602884968835 41
1742495080666 0.5281350081478373 42
1742495089982 0.1975288824711013 43
1742495099283 0.3135317247193816 44
1742495108466 0.5628030565433327 45
1742495118156 0.40818797486320696 46
1742495127295 0.4204880457580627 47
1742495128019 21.17149398385534 48
