1742494688443 0.0 0
1742494697660 0.0 1
1742494707045 0.0 2
1742494716276 0.0 3
1742494725453 0.0 4
1742494734695 0.0 5
1742494744181 0.0 6
1742494753856 0.0 7
1742494763046 0.0 8
1742494772325 0.0 9
1742494781745 0.0 10
1742494791123 0.0 11
1742494801056 0.0 12
1742494810870 0.0 13
1742494820129 0.0 14
1742494829506 0.0 15
1742494838888 0.0 16
1742494848082 0.0 17
1742494857285 0.0 18
1742494866462 0.0 19
1742494875989 0.0 20
1742494885337 0.0 21
1742494894775 0.0 22
1742494904334 0.0 23
1742494913801 0.0 24
1742494923969 0.0 25
1742494933997 0.0 26
1742494943824 0.0 27
1742494953016 0.0 28
1742494962665 0.0 29
1742494972061 0.0 30
1742494981287 0.0 31
1742494990484 0.0 32
1742494999961 0.0 33
1742495009268 0.0 34
1742495018684 0.0 35
1742495028257 0.0 36
1742495038355 0.0 37
1742495047452 0.0 38
1742495052657 0.025 39
1742495061966 0.024390243902439025 40
1742495071323 0.023809523809523808 41
1742495080666 0.023255813953488372 42
1742495089982 0.022727272727272728 43
1742495099283 0.022222222222222223 44
1742495108466 0.021739130434782608 45
1742495118156 0.02127659574468085 46
1742495127295 0.020833333333333332 47
1742495128019 0.04081632653061224 48
