1742494688443 41.53455391750068 0
1742494697660 103.76080600377725 1
1742494707045 28.309988779443522 2
1742494716276 28.720142156539573 3
1742494725453 72.71376622259154 4
1742494734695 184.40761110084833 5
1742494744181 72.3163852591768 6
1742494753856 119.82309147782969 7
1742494763046 128.21389024652365 8
1742494772325 212.79058179870285 9
1742494781745 110.69054794153422 10
1742494791123 47.999181313310125 11
1742494801056 36.533960899213554 12
1742494810870 95.93736288635894 13
1742494820129 72.30787710107792 14
1742494829506 162.28615272639544 15
1742494838888 236.3965006614427 16
1742494848082 173.99956625517143 17
1742494857285 18.960712540106552 18
1742494866462 145.31739502382567 19
1742494875989 287.6610666017863 20
1742494885337 29.88174785401588 21
1742494894775 82.32306326214407 22
1742494904334 134.77696674859297 23
1742494913801 59.010782038273426 24
1742494923969 51.36570163506442 25
1742494933997 21.412882325061112 26
1742494943824 12.224648277917442 27
1742494953016 102.47101286750828 28
1742494962665 274.8720238872679 29
1742494972061 156.0543028206085 30
1742494981287 115.21960566971188 31
1742494990484 122.9952601477684 32
1742494999961 83.60657061158781 33
1742495009268 187.5251268131099 34
1742495018684 63.07994714015801 35
1742495028257 69.5595090640801 36
1742495038355 49.06457714057809 37
1742495047452 54.850094011322604 38
1742495052657 149.50181472109324 39
1742495061966 40.98375824436769 40
1742495071323 62.7318086549065 41
1742495080666 158.4405024443512 42
1742495089982 59.25866474133039 43
1742495099283 94.05951741581448 44
1742495108466 168.8409169629998 45
1742495118156 122.45639245896209 46
1742495127295 126.14641372741882 47
1742495128019 21.17149398385534 48
