1742480540622 1.0 0
1742480549951 1.0 1
1742480559288 1.0 2
1742480568883 1.0 3
1742480578247 1.0 4
1742480587635 1.0 5
1742480596905 1.0 6
1742480606168 1.0 7
1742480615491 1.0 8
1742480625308 0.99 9
1742480634881 0.99 10
1742480644234 0.99 11
1742480653624 0.99 12
1742480663107 0.99 13
1742480672586 0.99 14
1742480673814 0.99 15
1742480683578 0.99 16
1742480693497 0.99 17
1742480702912 0.99 18
1742480712447 0.9801 19
1742480722562 0.9801 20
1742480732835 0.9801 21
1742480742696 0.9801 22
1742480749755 0.9801 23
1742480759758 0.9801 24
1742480769355 0.9801 25
1742480779539 0.9801 26
1742480789336 0.9801 27
1742480799373 0.9801 28
1742480809309 0.9702989999999999 29
1742480819170 0.9702989999999999 30
1742480828961 0.9702989999999999 31
1742480838701 0.9702989999999999 32
1742480848471 0.9702989999999999 33
1742480858040 0.9702989999999999 34
1742480867735 0.9702989999999999 35
1742480878416 0.9702989999999999 36
1742480889162 0.9702989999999999 37
1742480899185 0.9702989999999999 38
1742480909268 0.96059601 39
1742480918546 0.96059601 40
1742480922223 0.96059601 41
1742480931640 0.96059601 42
1742480941151 0.96059601 43
1742480941784 0.96059601 44
