1742480540622 0.907963752746582 0
1742480549951 6.284215927124023 1
1742480559288 -10.481230735778809 2
1742480568883 6.391826629638672 3
1742480578247 -7.301643371582031 4
1742480587635 -16.4971923828125 5
1742480596905 -22.449851989746094 6
1742480606168 -3.6889657974243164 7
1742480615491 -2.0199084281921387 8
1742480625308 -6.591874122619629 9
1742480634881 -14.934309005737305 10
1742480644234 -12.296499252319336 11
1742480653624 13.592507362365723 12
1742480663107 -5.33651065826416 13
1742480672586 16.43756866455078 14
1742480673814 -0.6117607355117798 15
1742480683578 18.799293518066406 16
1742480693497 -4.425203323364258 17
1742480702912 28.494060516357422 18
1742480712447 -23.24362564086914 19
1742480722562 -16.07892608642578 20
1742480732835 -11.069866180419922 21
1742480742696 27.264856338500977 22
1742480749755 7.372468948364258 23
1742480759758 -6.095024585723877 24
1742480769355 -28.52048110961914 25
1742480779539 3.129570722579956 26
1742480789336 26.216217041015625 27
1742480799373 5.406131744384766 28
1742480809309 -6.63961935043335 29
1742480819170 -20.704448699951172 30
1742480828961 7.672558784484863 31
1742480838701 -16.192584991455078 32
1742480848471 -7.912703514099121 33
1742480858040 -10.944829940795898 34
1742480867735 -2.7696590423583984 35
1742480878416 38.61952590942383 36
1742480889162 -12.493375778198242 37
1742480899185 -1.7817964553833008 38
1742480909268 4.347071647644043 39
1742480918546 42.9619140625 40
1742480922223 -5.171603202819824 41
1742480931640 8.090730667114258 42
1742480941151 -14.019186019897461 43
1742480941784 nan 44
