1742480540622 -0.17526301360106858 0
1742480549951 -0.1486727574595437 1
1742480559288 -0.19017172769762414 2
1742480568883 -0.1519081536435324 3
1742480578247 -0.22860168313165735 4
1742480587635 -0.23126954643775405 5
1742480596905 -0.1730198628276862 6
1742480606168 -0.2430429748825803 7
1742480615491 -0.16535833760598803 8
1742480625308 -0.16141432253938687 9
1742480634881 -0.17081275673628937 10
1742480644234 -0.14189739412946836 11
1742480653624 -0.2014570891016004 12
1742480663107 -0.26878180674843993 13
1742480672586 -0.17543838824071623 14
1742480673814 0.47552933921284635 15
1742480683578 -0.194106503250453 16
1742480693497 -0.24081407798529256 17
1742480702912 -0.17814331255478397 18
1742480712447 -0.16459160671416892 19
1742480722562 -0.21267905358344233 20
1742480732835 -0.15354662572460812 21
1742480742696 -0.2285428360006604 22
1742480749755 -0.09963804223770428 23
1742480759758 -0.1983039192590308 24
1742480769355 -0.1739310708535434 25
1742480779539 -0.22790119584277477 26
1742480789336 -0.20023293800162925 27
1742480799373 -0.2469178484753454 28
1742480809309 -0.1664694315513395 29
1742480819170 -0.15764653711459065 30
1742480828961 -0.21920867429314242 31
1742480838701 -0.15501430019807963 32
1742480848471 -0.2692212556409732 33
1742480858040 -0.23599935646069042 34
1742480867735 -0.1417839102753776 35
1742480878416 -0.19579748688242055 36
1742480889162 -0.2087403552750579 37
1742480899185 -0.2506884097619101 38
1742480909268 -0.25997438039425463 39
1742480918546 -0.159040421936814 40
1742480922223 -0.13822120451964734 41
1742480931640 -0.17022401902903608 42
1742480941151 -0.16045258185553485 43
1742480941784 9.874211488009502 44
