1742480540622 -52.57890408032058 0
1742480549951 -44.601827237863105 1
1742480559288 -57.05151830928724 2
1742480568883 -45.572446093059725 3
1742480578247 -68.5805049394972 4
1742480587635 -69.38086393132622 5
1742480596905 -51.90595884830586 6
1742480606168 -72.91289246477409 7
1742480615491 -49.60750128179641 8
1742480625308 -48.42429676181606 9
1742480634881 -51.24382702088681 10
1742480644234 -42.569218238840506 11
1742480653624 -60.437126730480124 12
1742480663107 -80.63454202453198 13
1742480672586 -46.84204966027123 14
1742480673814 8.559528105831234 15
1742480683578 -58.2319509751359 16
1742480693497 -72.24422339558777 17
1742480702912 -53.44299376643519 18
1742480712447 -49.377482014250674 19
1742480722562 -63.803716075032696 20
1742480732835 -46.06398771738243 21
1742480742696 -68.56285080019812 22
1742480749755 -20.425798658729377 23
1742480759758 -59.49117577770924 24
1742480769355 -52.17932125606302 25
1742480779539 -68.37035875283243 26
1742480789336 -60.069881400488775 27
1742480799373 -74.07535454260362 28
1742480809309 -49.940829465401855 29
1742480819170 -47.29396113437719 30
1742480828961 -65.76260228794273 31
1742480838701 -46.50429005942389 32
1742480848471 -80.76637669229197 33
1742480858040 -70.79980693820713 34
1742480867735 -42.53517308261328 35
1742480878416 -58.73924606472616 36
1742480889162 -62.622106582517375 37
1742480899185 -75.20652292857302 38
1742480909268 -77.99231411827638 39
1742480918546 -47.7121265810442 40
1742480922223 -10.643032748012844 41
1742480931640 -51.06720570871082 42
1742480941151 -48.13577455666046 43
1742480941784 9.874211488009502 44
