1742483259568 1.0 0
1742483268875 1.0 1
1742483278732 1.0 2
1742483288067 1.0 3
1742483297210 1.0 4
1742483306469 1.0 5
1742483316296 1.0 6
1742483325592 1.0 7
1742483334882 1.0 8
1742483344390 0.99 9
1742483353945 0.99 10
1742483363417 0.99 11
1742483373453 0.99 12
1742483382906 0.99 13
1742483392450 0.99 14
1742483401960 0.99 15
1742483411971 0.99 16
1742483422114 0.99 17
1742483431708 0.99 18
1742483441116 0.9801 19
1742483450745 0.9801 20
1742483460225 0.9801 21
1742483469982 0.9801 22
1742483479684 0.9801 23
1742483486040 0.9801 24
1742483496017 0.9801 25
1742483497969 0.9801 26
1742483507488 0.9801 27
1742483516945 0.9801 28
1742483527063 0.9702989999999999 29
1742483536976 0.9702989999999999 30
1742483546773 0.9702989999999999 31
1742483556545 0.9702989999999999 32
1742483566623 0.9702989999999999 33
1742483576400 0.9702989999999999 34
1742483585939 0.9702989999999999 35
1742483595311 0.9702989999999999 36
1742483604736 0.9702989999999999 37
1742483614115 0.9702989999999999 38
1742483623690 0.96059601 39
1742483633374 0.96059601 40
1742483642851 0.96059601 41
1742483652377 0.96059601 42
1742483661959 0.96059601 43
1742483671478 0.96059601 44
1742483681531 0.96059601 45
1742483690974 0.96059601 46
1742483700402 0.96059601 47
1742483709788 0.96059601 48
1742483719211 0.9509900498999999 49
1742483728635 0.9509900498999999 50
1742483738142 0.9509900498999999 51
1742483747783 0.9509900498999999 52
1742483757609 0.9509900498999999 53
1742483763586 0.9509900498999999 54
1742483773283 0.9509900498999999 55
1742483783109 0.9509900498999999 56
1742483793176 0.9509900498999999 57
1742483802951 0.9509900498999999 58
1742483812859 0.9414801494009999 59
1742483822480 0.9414801494009999 60
1742483832323 0.9414801494009999 61
1742483841643 0.9414801494009999 62
1742483850981 0.9414801494009999 63
1742483860387 0.9414801494009999 64
1742483869820 0.9414801494009999 65
1742483879038 0.9414801494009999 66
1742483888283 0.9414801494009999 67
1742483897707 0.9414801494009999 68
1742483907040 0.9320653479069899 69
1742483916657 0.9320653479069899 70
1742483926221 0.9320653479069899 71
1742483935677 0.9320653479069899 72
1742483945415 0.9320653479069899 73
1742483954751 0.9320653479069899 74
1742483964288 0.9320653479069899 75
1742483973681 0.9320653479069899 76
1742483983071 0.9320653479069899 77
1742483992927 0.9320653479069899 78
1742484002809 0.92274469442792 79
1742484012754 0.92274469442792 80
1742484022636 0.92274469442792 81
1742484032457 0.92274469442792 82
1742484042143 0.92274469442792 83
1742484051575 0.92274469442792 84
1742484052138 0.92274469442792 85
