1742483259568 -19.28704833984375 0
1742483268875 -20.652915954589844 1
1742483278732 12.788290023803711 2
1742483288067 5.687655448913574 3
1742483297210 -16.712615966796875 4
1742483306469 22.859703063964844 5
1742483316296 1.4786243438720703 6
1742483325592 -11.494344711303711 7
1742483334882 -5.648283958435059 8
1742483344390 -5.509181976318359 9
1742483353945 1.1265249252319336 10
1742483363417 -6.31616735458374 11
1742483373453 -21.30094337463379 12
1742483382906 18.98978614807129 13
1742483392450 -6.039982318878174 14
1742483401960 1.012054443359375 15
1742483411971 -12.273576736450195 16
1742483422114 2.782876968383789 17
1742483431708 31.31241798400879 18
1742483441116 12.090057373046875 19
1742483450745 -15.706965446472168 20
1742483460225 -4.064228057861328 21
1742483469982 -21.714515686035156 22
1742483479684 -28.057939529418945 23
1742483486040 -5.386508941650391 24
1742483496017 -4.387346267700195 25
1742483497969 -14.773818969726562 26
1742483507488 -5.355234146118164 27
1742483516945 -24.549823760986328 28
1742483527063 1.906637191772461 29
1742483536976 -19.114341735839844 30
1742483546773 -23.23997688293457 31
1742483556545 5.686997413635254 32
1742483566623 11.716629028320312 33
1742483576400 15.986825942993164 34
1742483585939 20.538448333740234 35
1742483595311 -12.759023666381836 36
1742483604736 3.4458093643188477 37
1742483614115 11.333681106567383 38
1742483623690 9.832828521728516 39
1742483633374 -6.628331184387207 40
1742483642851 -21.344070434570312 41
1742483652377 12.425350189208984 42
1742483661959 15.66901969909668 43
1742483671478 -9.794252395629883 44
1742483681531 37.63138961791992 45
1742483690974 -9.913917541503906 46
1742483700402 6.60532283782959 47
1742483709788 -7.93281364440918 48
1742483719211 -11.63873291015625 49
1742483728635 -22.29738998413086 50
1742483738142 -6.745321273803711 51
1742483747783 -6.443227767944336 52
1742483757609 -1.400766372680664 53
1742483763586 9.222187995910645 54
1742483773283 3.047901153564453 55
1742483783109 15.116455078125 56
1742483793176 -3.917677879333496 57
1742483802951 12.750189781188965 58
1742483812859 17.527271270751953 59
1742483822480 -22.08971405029297 60
1742483832323 -4.46660041809082 61
1742483841643 15.274730682373047 62
1742483850981 -22.091175079345703 63
1742483860387 27.531410217285156 64
1742483869820 5.461765766143799 65
1742483879038 34.675514221191406 66
1742483888283 -6.561047554016113 67
1742483897707 14.038970947265625 68
1742483907040 -14.798136711120605 69
1742483916657 26.764606475830078 70
1742483926221 39.661224365234375 71
1742483935677 14.157955169677734 72
1742483945415 6.919546127319336 73
1742483954751 -0.9468592405319214 74
1742483964288 -13.840751647949219 75
1742483973681 8.127140045166016 76
1742483983071 -1.7549502849578857 77
1742483992927 -18.63616180419922 78
1742484002809 22.69968032836914 79
1742484012754 3.58248233795166 80
1742484022636 -6.966557502746582 81
1742484032457 -14.070932388305664 82
1742484042143 -26.605165481567383 83
1742484051575 -0.41329288482666016 84
1742484052138 nan 85
