1742483259568 -0.1713588212470423 0
1742483268875 -0.19122858539052037 1
1742483278732 -0.24533504298387177 2
1742483288067 -0.2321996039477888 3
1742483297210 -0.16481567059316296 4
1742483306469 -0.21899403540751236 5
1742483316296 -0.1904980949911712 6
1742483325592 -0.2457283249806804 7
1742483334882 -0.15368353002258542 8
1742483344390 -0.2308142595557177 9
1742483353945 -0.14631144511754532 10
1742483363417 -0.1843003886360798 11
1742483373453 -0.20074896385743177 12
1742483382906 -0.1852334983363863 13
1742483392450 -0.12829093367054434 14
1742483401960 -0.181783421320257 15
1742483411971 -0.14935707568424472 16
1742483422114 -0.22545718619277105 17
1742483431708 -0.26495983915445104 18
1742483441116 -0.16697277737174537 19
1742483450745 -0.19835193272513305 20
1742483460225 -0.1607243607886965 21
1742483469982 -0.1973893013294152 22
1742483479684 -0.1952134324692985 23
1742483486040 -0.2731036637575511 24
1742483496017 -0.23489311812353847 25
1742483497969 0.14233816850113748 26
1742483507488 -0.2454576759942364 27
1742483516945 -0.21317001530716634 28
1742483527063 -0.14755660288882136 29
1742483536976 -0.16506645261894703 30
1742483546773 -0.18451024986936523 31
1742483556545 -0.11971775201602533 32
1742483566623 -0.16881455358225556 33
1742483576400 -0.19528949529647222 34
1742483585939 -0.18355824677775112 35
1742483595311 -0.2154806438766044 36
1742483604736 -0.13930240429535873 37
1742483614115 -0.13672190889227517 38
1742483623690 -0.16205492695854773 39
1742483633374 -0.1805257194478162 40
1742483642851 -0.17732374274786025 41
1742483652377 -0.21475589297578637 42
1742483661959 -0.24491834606419866 43
1742483671478 -0.19797737309462118 44
1742483681531 -0.1627021479429933 45
1742483690974 -0.2137406757068678 46
1742483700402 -0.19995575679380034 47
1742483709788 -0.1781315341358102 48
1742483719211 -0.2723201456890301 49
1742483728635 -0.16796827630496794 50
1742483738142 -0.24683457187736466 51
1742483747783 -0.15268960313776767 52
1742483757609 -0.23420902321641549 53
1742483763586 -0.07792470317386918 54
1742483773283 -0.2545209643720814 55
1742483783109 -0.14486936731156524 56
1742483793176 -0.19583892000150807 57
1742483802951 -0.1950441214265218 58
1742483812859 -0.1653338864462191 59
1742483822480 -0.1848653936335791 60
1742483832323 -0.16554431672029027 61
1742483841643 -0.19440994556717617 62
1742483850981 -0.24312916641322072 63
1742483860387 -0.2036948656951563 64
1742483869820 -0.11058492034758469 65
1742483879038 -0.19927891783931065 66
1742483888283 -0.1624862399595758 67
1742483897707 -0.19054138826566677 68
1742483907040 -0.180716436966886 69
1742483916657 -0.17423158361413948 70
1742483926221 -0.1561231492604634 71
1742483935677 -0.23013769162465783 72
1742483945415 -0.17697621484583373 73
1742483954751 -0.16022465626200938 74
1742483964288 -0.25443779832220204 75
1742483973681 -0.21976171315039722 76
1742483983071 -0.23485094278706678 77
1742483992927 -0.1352295233948455 78
1742484002809 -0.22825520223290596 79
1742484012754 -0.15026658096916598 80
1742484022636 -0.20059961858668685 81
1742484032457 -0.23535479677342816 82
1742484042143 -0.16096715784785587 83
1742484051575 -0.2704023543128783 84
1742484052138 9.85032916537455 85
