1742483259568 -51.40764637411269 0
1742483268875 -57.36857561715611 1
1742483278732 -73.60051289516153 2
1742483288067 -69.65988118433664 3
1742483297210 -49.444701177948886 4
1742483306469 -65.69821062225371 5
1742483316296 -57.14942849735136 6
1742483325592 -73.71849749420412 7
1742483334882 -46.105059006775626 8
1742483344390 -69.24427786671531 9
1742483353945 -43.8934335352636 10
1742483363417 -55.29011659082394 11
1742483373453 -60.22468915722953 12
1742483382906 -55.57004950091589 13
1742483392450 -38.4872801011633 14
1742483401960 -54.5350263960771 15
1742483411971 -44.807122705273414 16
1742483422114 -67.63715585783132 17
1742483431708 -79.48795174633531 18
1742483441116 -50.091833211523614 19
1742483450745 -59.50557981753991 20
1742483460225 -48.21730823660895 21
1742483469982 -59.216790398824564 22
1742483479684 -58.56402974078955 23
1742483486040 -40.96554956363266 24
1742483496017 -70.46793543706154 25
1742483497969 6.120541245548912 26
1742483507488 -73.63730279827092 27
1742483516945 -63.9510045921499 28
1742483527063 -44.266980866646406 29
1742483536976 -49.51993578568411 30
1742483546773 -55.35307496080957 31
1742483556545 -35.9153256048076 32
1742483566623 -50.64436607467667 33
1742483576400 -58.58684858894166 34
1742483585939 -55.06747403332534 35
1742483595311 -64.64419316298132 36
1742483604736 -41.79072128860762 37
1742483614115 -41.01657266768255 38
1742483623690 -48.61647808756432 39
1742483633374 -54.15771583434486 40
1742483642851 -53.197122824358075 41
1742483652377 -64.42676789273591 42
1742483661959 -73.4755038192596 43
1742483671478 -59.39321192838636 44
1742483681531 -48.81064438289799 45
1742483690974 -64.12220271206034 46
1742483700402 -59.9867270381401 47
1742483709788 -53.43946024074306 48
1742483719211 -81.69604370670903 49
1742483728635 -50.39048289149038 50
1742483738142 -74.0503715632094 51
1742483747783 -45.8068809413303 52
1742483757609 -70.26270696492465 53
1742483763586 -13.403048945905498 54
1742483773283 -76.35628931162441 55
1742483783109 -43.46081019346958 56
1742483793176 -58.75167600045242 57
1742483802951 -58.51323642795654 58
1742483812859 -49.60016593386573 59
1742483822480 -55.45961809007373 60
1742483832323 -49.66329501608708 61
1742483841643 -58.32298367015285 62
1742483850981 -72.93874992396621 63
1742483860387 -61.10845970854689 64
1742483869820 -32.73313642288507 65
1742483879038 -59.78367535179319 66
1742483888283 -48.745871987872746 67
1742483897707 -57.162416479700035 68
1742483907040 -54.2149310900658 69
1742483916657 -52.26947508424185 70
1742483926221 -46.83694477813902 71
1742483935677 -69.04130748739735 72
1742483945415 -53.09286445375012 73
1742483954751 -48.067396878602814 74
1742483964288 -76.33133949666062 75
1742483973681 -65.92851394511916 76
1742483983071 -70.45528283612003 77
1742483992927 -40.56885701845365 78
1742484002809 -68.47656066987179 79
1742484012754 -45.079974290749796 80
1742484022636 -60.17988557600606 81
1742484032457 -70.60643903202845 82
1742484042143 -48.29014735435676 83
1742484051575 -81.12070629386349 84
1742484052138 9.85032916537455 85
