1742121453601 -34.595008850097656 3
1742121464266 -61.79780960083008 7
1742121472001 -65.811767578125 10
1742121475000 -54.23976135253906 11
1742121482801 -50.92460632324219 14
1742121485774 -52.455413818359375 15
1742121494082 -54.66249465942383 18
1742121496661 3.026463508605957 19
1742121501867 -48.12831497192383 21
1742121504800 -63.008575439453125 22
1742121507463 -60.650596618652344 23
1742121512685 -46.507137298583984 25
1742121515509 -62.17862319946289 26
1742121518221 -29.152482986450195 27
1742121523456 -50.00918960571289 29
1742121526154 -67.45536041259766 30
1742121528881 -64.03092193603516 31
1742121534529 -36.96916170275672 33
1742121537090 -73.48419952392578 34
1742121545219 -65.50698852539062 37
1742121547864 -65.4541015625 38
1742121553120 -57.116058349609375 40
1742121556012 -63.362091064453125 41
1742121558660 -63.402259826660156 42
1742121563999 -61.39259338378906 44
1742121566773 -31.90452003479004 45
1742121569407 -68.41313934326172 46
1742121574767 -54.45701599121094 48
1742121577484 -58.43213653564453 49
1742121585526 -56.904258728027344 52
1742121588169 -65.38591766357422 53
1742121593413 -63.88252258300781 55
1742121596340 -50.51557159423828 56
1742121598990 -76.71064758300781 57
1742121604335 -56.998470306396484 59
1742121607028 -47.02274703979492 60
1742121609752 -22.841697692871094 61
1742121615313 -55.85831832885742 63
1742121617962 -46.995697021484375 64
1742121620607 -64.78278350830078 65
1742121626009 -55.94850540161133 67
1742121628636 -74.2796859741211 68
1742121633965 -62.64043045043945 70
1742121636663 -44.95887756347656 71
1742121639386 -18.861209869384766 72
1742121644782 -59.76922607421875 74
1742121647421 -47.463138580322266 75
1742121650083 -68.95592498779297 76
1742121655512 -69.9057388305664 78
1742121658168 -55.12360763549805 79
1742121660830 -48.492271423339844 80
1742121663477 -51.972625732421875 81
1742121666230 -50.68035125732422 82
1742121668935 -60.51539611816406 83
1742121674313 -51.72078323364258 85
1742121676921 -65.00386047363281 86
1742121679668 -73.8270263671875 87
1742121685094 -46.50921630859375 89
1742121690310 -49.527957916259766 91
1742121692846 -68.74018859863281 92
1742121695703 -64.48577880859375 93
1742121700884 -67.09980010986328 95
1742121703708 -62.73004913330078 96
1742121706669 -56.78789549351933 97
1742121712310 -39.08991622924805 99
1742121715136 -65.59165954589844 100
1742121717766 -65.7054214477539 101
1742121720366 -71.40943145751953 102
1742121723079 -51.524085998535156 103
1742121725921 -10.736824035644531 104
1742121728560 -51.970726013183594 105
1742121731173 -53.93544387817383 106
1742121733796 -43.7817497253418 107
1742121736618 -55.43511962890625 108
1742121741774 -55.40513610839844 110
1742121744541 -45.89778518676758 111
1742121747146 -59.54353713989258 112
1742121752339 -58.59275817871094 114
1742121755071 -54.611061096191406 115
1742121757676 -67.22467041015625 116
1742121760222 -53.29289245605469 117
1742121762989 -48.415924072265625 118
1742121765847 -62.54368591308594 119
1742121771107 -69.68253326416016 121
1742121773760 -52.04344177246094 122
1742121776645 -30.686120986938477 123
1742121781977 -35.6895866394043 125
1742121784626 -67.99530029296875 126
1742121787329 -49.295570373535156 127
1742121792820 -59.65644073486328 129
1742121795560 -56.91365051269531 130
1742121798418 -44.75123596191406 131
1742121801241 -61.47378158569336 132
1742121806566 -71.072509765625 134
1742121809334 -75.06646728515625 135
1742121812114 -53.14744186401367 136
1742121814735 -53.29105758666992 137
1742121817373 -69.89244842529297 138
1742121819966 -41.50102615356445 139
1742121822790 -39.916561126708984 140
1742121825485 -16.439926147460938 141
1742121828172 -60.645103454589844 142
1742121830791 -71.37455749511719 143
1742121833455 -49.385292053222656 144
1742121836115 -58.29963302612305 145
1742121838940 -45.91473388671875 146
1742121841585 -61.894065856933594 147
1742121846834 -68.02926635742188 149
1742121849587 -55.96685028076172 150
1742121852329 -55.904170989990234 151
1742121855067 -39.333702087402344 152
1742121857739 -58.291114807128906 153
1742121860459 -48.83894348144531 154
1742121863112 -58.139556884765625 155
1742121865753 -54.0997200012207 156
1742121868474 -59.54875946044922 157
1742121871151 -59.82356643676758 158
1742121873841 -50.03855895996094 159
1742121876557 -69.31265258789062 160
1742121879306 -66.216796875 161
1742121881989 -55.0023078918457 162
1742121884621 -46.18996810913086 163
1742121887249 -59.43149185180664 164
1742121890107 -58.84329605102539 165
1742121892733 -46.645877838134766 166
1742121895475 -52.773963928222656 167
1742121898061 -64.39390563964844 168
1742121900859 -60.093387603759766 169
1742121903468 -72.4137191772461 170
1742121906222 -41.86834716796875 171
1742121908878 -50.446475982666016 172
1742121911625 -49.74570083618164 173
1742121914328 -69.5389633178711 174
1742121917175 -62.773643493652344 175
1742121919969 -58.95735168457031 176
1742121925485 -50.03255081176758 178
1742121930862 -50.033302307128906 180
1742121936238 -53.64544677734375 182
1742121938812 -41.968963623046875 183
1742121941521 -53.76808547973633 184
1742121944228 -72.20384979248047 185
1742121946867 -60.14387130737305 186
1742121949605 -55.68535232543945 187
1742121954895 -69.11343383789062 189
1742121957494 -62.368980407714844 190
1742121960281 -30.594324111938477 191
1742121965536 -72.05821228027344 193
1742121968163 -42.59284591674805 194
1742121970946 -53.575294494628906 195
1742121973583 -60.876583099365234 196
1742121976388 -50.27050018310547 197
1742121981639 -48.871246337890625 199
1742121984228 -58.719932556152344 200
1742121987029 -38.1522216796875 201
1742121989699 -48.45627212524414 202
1742121994895 -51.8275956890466 204
1742121997536 -57.68925094604492 205
1742122000256 -50.352455139160156 206
1742122002849 -59.94255828857422 207
1742122005537 -44.5131950378418 208
1742122008158 -61.87713623046875 209
1742122010904 -54.97819519042969 210
1742122013540 -58.25101852416992 211
1742122016261 -63.604278564453125 212
1742122021502 -62.878299713134766 214
1742122024120 -45.40924072265625 215
1742122026833 -66.6085205078125 216
1742122029560 -49.285179138183594 217
1742122032336 -32.2830924987793 218
1742122035067 -64.8934326171875 219
1742122037795 -56.86445236206055 220
1742122040541 -60.147430419921875 221
1742122043153 -48.25623321533203 222
1742122045792 -67.17848205566406 223
1742122048436 -45.992408752441406 224
1742122051199 -56.93914031982422 225
1742122053949 -21.2855281829834 226
1742122056701 -27.230527877807617 227
1742122059418 -66.55448913574219 228
1742122064588 -54.42888641357422 230
1742122067388 -61.93804931640625 231
1742122070086 -71.45176696777344 232
1742122075382 -57.997962951660156 234
1742122078144 -58.28800964355469 235
1742122080919 -24.418441772460938 236
1742122083582 -53.175209045410156 237
1742122086336 -49.8306884765625 238
1742122088975 -56.98570251464844 239
1742122091581 -56.45533752441406 240
1742122094187 -44.4490852355957 241
1742122096993 -41.69069290161133 242
1742122099710 -47.2258352242896 243
1742122104874 -61.3404541015625 245
1742122107568 -69.25980377197266 246
1742122110368 -31.058069229125977 247
1742122112960 -65.48838806152344 248
1742122118257 -56.05863571166992 250
1742122120971 -73.48181915283203 251
1742122123627 -55.60124588012695 252
1742122126386 -47.48732376098633 253
1742122129166 -64.023681640625 254
1742122134612 -68.86756134033203 256
1742122137460 -63.32074737548828 257
1742122140249 -59.51325225830078 258
1742122145372 -64.34846496582031 260
1742122148080 -59.100257873535156 261
1742122150973 -24.754127502441406 262
1742122153604 -47.44518280029297 263
1742122156218 -67.7516098022461 264
1742122158842 -70.09710758219887 265
1742122161575 -65.27214050292969 266
1742122164191 -57.687896728515625 267
1742122166865 -57.83441162109375 268
1742122172172 -66.8937759399414 270
1742122174816 -77.39253234863281 271
1742122177559 -61.0179443359375 272
1742122180203 -52.30790710449219 273
1742122182868 -47.96028518676758 274
1742122185629 -61.08219909667969 275
1742122188300 -65.7172622680664 276
1742122191030 -54.8780517578125 277
1742122193642 -54.7131233215332 278
1742122196294 -58.50425884931886 279
1742122199031 -22.354948043823242 280
1742122201755 -63.820838928222656 281
1742122204369 -50.43150329589844 282
1742122207028 -69.82787322998047 283
1742122209695 -53.837955474853516 284
1742122212438 -57.754215240478516 285
1742122215132 -74.72846984863281 286
1742122217791 -54.612693786621094 287
1742122220604 -41.68015670776367 288
1742122223324 -51.037479400634766 289
1742122225964 -52.3924446105957 290
1742122231363 -68.03264617919922 292
1742122233969 -56.37797164916992 293
1742122236589 -57.551204681396484 294
1742122239160 -63.08928298950195 295
1742122241907 -48.02932357788086 296
1742122244650 -34.77540588378906 297
1742122247261 -57.973968505859375 298
1742122249854 -68.3029556274414 299
1742122252566 -50.770591735839844 300
1742122255365 -52.465030670166016 301
1742122260974 -35.60687255859375 303
1742122263727 -58.345211029052734 304
1742122266495 -67.11360168457031 305
1742122271828 -65.59343719482422 307
1742122274474 -72.47926330566406 308
1742122277197 -62.8819580078125 309
1742122279745 -51.849761962890625 310
1742122282488 -57.329734802246094 311
1742122285154 -52.8436164855957 312
1742122287966 -67.59550476074219 313
1742122290738 -47.66572570800781 314
1742122293624 -24.356060028076172 315
1742122296319 -52.1361083984375 316
1742122298978 -56.86555099487305 317
1742122301699 -52.97685241699219 318
1742122304505 -24.89633560180664 319
1742122307227 -56.89842224121094 320
1742122309901 -47.19101161386098 321
1742122312591 -59.467002868652344 322
1742122315272 -67.07772064208984 323
1742122318067 -55.570350646972656 324
1742122320791 -65.21501159667969 325
1742122323478 -39.67081832885742 326
1742122326203 -47.03773498535156 327
1742122328925 -56.825408935546875 328
1742122331582 -65.09297943115234 329
1742122334230 -57.80501174926758 330
1742122336927 -45.2503662109375 331
1742122339630 -60.11093521118164 332
1742122342285 -65.7247543334961 333
1742122344999 -50.29889678955078 334
1742122347605 -55.49019241333008 335
1742122350311 -70.77925109863281 336
1742122352917 -51.21120834350586 337
1742122355589 -60.922306060791016 338
1742122358273 -59.87504959106445 339
1742122360997 -54.14115905761719 340
1742122363636 -52.071266174316406 341
1742122366371 -64.70033264160156 342
1742122369092 -64.19309997558594 343
1742122374381 -69.15322875976562 345
1742122377164 -67.42182159363699 346
1742122379897 -58.526588439941406 347
1742122382468 -57.47787094116211 348
1742122385234 -65.12028503417969 349
1742122387936 -52.78800582885742 350
1742122390726 -61.559410095214844 351
1742122396067 -54.311580657958984 353
1742122398649 -55.50492477416992 354
1742122401401 -69.99591064453125 355
1742122403983 -49.00461196899414 356
1742122406820 -65.17621612548828 357
1742122409535 -46.66523742675781 358
1742122414670 -66.18487548828125 360
1742122417452 -62.28329086303711 361
1742122420324 -62.4356803894043 362
1742122425947 -69.79706573486328 364
1742122431364 -60.44158935546875 366
1742122436662 -56.6359977722168 368
1742122439323 -57.867889404296875 369
1742122447585 -55.92702102661133 372
1742122450366 -56.57262420654297 373
1742122455749 -47.40697479248047 375
1742122458508 -55.30802536010742 376
1742122461305 -41.484336853027344 377
1742122466614 -49.73387145996094 379
1742122469468 -50.549644470214844 380
1742122472165 -61.24935531616211 381
1742122477620 -51.38189697265625 383
1742122480311 -50.795814514160156 384
1742122483034 -63.740509033203125 385
1742122488576 -61.12730407714844 387
1742122491422 -48.878849029541016 388
1742122499568 -54.15470886230469 391
1742122502295 -60.727806091308594 392
1742122507652 -56.09782409667969 394
1742122510463 -67.2085189819336 395
1742122513303 -10.593409366221223 396
1742122518661 -59.52080154418945 398
1742122521332 -57.71987533569336 399
1742122524029 -68.78094482421875 400
1742122529653 -52.35202407836914 402
1742122534860 -60.48993682861328 404
1742122540347 -57.65228271484375 406
1742122543000 -77.3529281616211 407
1742122548354 -55.49744415283203 409
1742122551140 -50.56058120727539 410
1742122553823 -59.45409393310547 411
1742122559190 -56.0737419128418 413
1742122564606 -70.24253845214844 415
1742122570061 -65.44403076171875 417
1742122575273 -60.575069427490234 419
1742122577898 -51.717979431152344 420
1742122581012 -37.99970245361328 421
1742122586184 -54.347740173339844 423
1742122588844 -57.189483642578125 424
1742122591734 -59.207523345947266 425
1742122594322 -49.58626937866211 426
1742122599773 -65.53117370605469 428
1742122602452 -42.740684509277344 429
1742122605132 -60.2891731262207 430
1742122607790 -60.52399444580078 431
1742122610684 -46.10261917114258 432
1742122618512 -51.646400451660156 435
1742122621497 -59.26763153076172 436
1742122629404 -57.28138732910156 439
1742122632339 -69.89557647705078 440
1742122640259 -50.89747619628906 443
1742122642986 -64.50785064697266 444
1742122648042 -57.44437789916992 446
1742122650918 -59.89013671875 447
1742122653681 -41.80247116088867 448
1742122658790 -45.87255096435547 450
1742122661566 -52.4349365234375 451
1742122664152 -57.83897018432617 452
1742122669393 -48.94004821777344 454
1742122672133 -51.972633361816406 455
1742122679968 -58.13054656982422 458
1742122682710 -52.366729736328125 459
1742122687962 -44.72298694117707 461
1742122690653 -67.2774658203125 462
1742122693400 -56.712158203125 463
1742122698672 -67.19970703125 465
1742122701424 -59.2745475769043 466
1742122709601 -51.71125793457031 469
1742122712463 -72.42788696289062 470
1742122717664 -48.44655990600586 472
1742122720382 -53.20079040527344 473
1742122723180 -48.6862678527832 474
1742122728489 -59.02971267700195 476
1742122731138 -52.68323516845703 477
1742122733936 -65.27189636230469 478
1742122739309 -54.37761688232422 480
1742122742165 -34.59867477416992 481
1742122744918 -48.949153900146484 482
1742122747531 -49.37052917480469 483
1742122750323 -50.92274475097656 484
1742122753083 -58.70558166503906 485
1742122758634 -58.007816314697266 487
1742122764267 -42.829620361328125 489
1742122769520 -63.40277862548828 491
1742122772161 -46.99494171142578 492
1742122774935 -58.59113693237305 493
1742122780240 -50.16615295410156 495
1742122782866 -44.46316146850586 496
1742122785634 -60.70038986206055 497
1742122788287 -62.24829864501953 498
1742122790950 -57.76893615722656 499
1742122793669 -46.44728469848633 500
1742122799095 -59.31602583735146 502
1742122804534 -62.1760368347168 504
1742122809777 -49.1406135559082 506
1742122812410 -62.304710388183594 507
1742122815149 -57.03131866455078 508
1742122817791 -60.20368957519531 509
1742122820441 -31.732563018798828 510
1742122823458 -26.921838760375977 511
1742122826311 -8.128384590148926 512
1742122828930 -51.87611389160156 513
1742122831532 -45.22032165527344 514
1742122834238 -57.9667854309082 515
1742122836946 -46.20197296142578 516
1742122839596 -70.50719451904297 517
1742122842211 -59.42811584472656 518
1742122845149 -45.70549011230469 519
1742122847798 -47.767269134521484 520
1742122852999 -51.23234176635742 522
1742122855811 -51.00633239746094 523
1742122858446 -62.732906341552734 524
1742122863722 -60.80821990966797 526
1742122866473 -66.35403442382812 527
1742122869165 -45.411617279052734 528
1742122871836 -65.01403045654297 529
1742122874492 -57.90188980102539 530
1742122877180 -46.03898620605469 531
1742122882343 -59.753440856933594 533
1742122885005 -60.54746627807617 534
1742122887732 -55.240047454833984 535
1742122892920 -60.91930389404297 537
1742122895653 -54.42488098144531 538
1742122898427 -14.877086981128222 539
1742122901049 -40.840816497802734 540
1742122903673 -53.30465316772461 541
1742122906335 -60.61356735229492 542
1742122909052 9.875601768493652 543
1742122911671 -57.20583724975586 544
1742122914309 -58.80073547363281 545
1742122917176 -39.19690704345703 546
1742122922376 -70.47146606445312 548
1742122925108 -61.60576629638672 549
1742122927872 -63.72524642944336 550
1742122930593 -67.2968521118164 551
1742122933262 -58.852996826171875 552
1742122936003 -54.54970169067383 553
1742122938807 -64.8115005493164 554
1742122941499 -58.43712615966797 555
1742122944180 -65.13038635253906 556
1742122946971 -27.630949020385742 557
1742122949758 -46.65638007446126 558
1742122955057 -55.3026237487793 560
1742122957827 -55.05474090576172 561
1742122960590 -56.97956848144531 562
1742122965784 -60.88025665283203 564
1742122968587 -50.99546813964844 565
1742122971248 -45.13469696044922 566
1742122973913 -51.09389877319336 567
1742122979421 -52.38850402832031 569
1742122982049 -59.000885009765625 570
1742122984683 -47.408782958984375 571
1742122987365 -61.688720703125 572
1742122990239 -55.57171630859375 573
1742122995670 -46.961387634277344 575
1742122998459 -66.07887128653374 576
1742123001340 -71.09440612792969 577
1742123006580 -55.34104919433594 579
1742123009547 -56.700462341308594 580
1742123015043 -60.530433654785156 582
1742123020801 -36.73649597167969 584
1742123026094 -71.67857360839844 586
1742123031669 -57.785308837890625 588
1742123034263 -60.722862243652344 589
1742123039707 -55.44102478027344 591
1742123042590 -53.479454040527344 592
1742123045384 -55.5546875 593
1742123050919 -54.777984619140625 595
1742123053722 -54.42227554321289 596
1742123056405 -49.572628021240234 597
1742123059007 -62.369140625 598
1742123061822 -56.810028076171875 599
1742123067205 -53.475372314453125 601
1742123069899 -69.52335357666016 602
1742123072717 -57.41828918457031 603
1742123075439 -50.12532424926758 604
1742123080898 -70.25225067138672 606
1742123083744 -67.4728775024414 607
1742123086507 -68.74198913574219 608
1742123089251 -50.117889404296875 609
1742123091894 -64.54241943359375 610
1742123094815 -58.979156494140625 611
1742123097560 -66.36587524414062 612
1742123100211 -55.54215621948242 613
1742123102895 -67.88597106933594 614
1742123105703 -61.91953659057617 615
1742123108434 -50.02762222290039 616
1742123113784 -47.6237907409668 618
1742123116718 -62.85316848754883 619
1742123119456 -59.8583984375 620
1742123122177 -65.41686248779297 621
1742123127776 -55.338294982910156 623
1742123133230 -63.37232208251953 625
1742123135998 -65.02410125732422 626
1742123138969 -69.15744018554688 627
1742123144415 -54.04417419433594 629
1742123147191 -51.99264144897461 630
1742123150153 -56.2397346496582 631
1742123152966 -46.73795581900387 632
1742123155672 -56.50217819213867 633
1742123161339 -46.368194580078125 635
1742123164097 -48.10435485839844 636
1742123166890 -50.865299224853516 637
1742123169675 -37.50142914598015 638
1742123172641 -58.05649948120117 639
1742123178174 -58.2816276550293 641
1742123180960 -75.57596588134766 642
1742123183977 -51.72541427612305 643
1742123186991 -25.551992416381836 644
1742123192956 -42.1781005859375 646
1742123198397 -61.952701568603516 648
1742123201232 -57.681724548339844 649
1742123204136 -60.5330924987793 650
1742123209522 -62.03224182128906 652
1742123212578 -45.68072509765625 653
1742123215433 -23.101593017578125 654
1742123218136 -46.534732818603516 655
1742123223824 -39.29288864135742 657
1742123226540 -52.334598541259766 658
1742123229355 -30.93341827392578 659
1742123232270 -59.98809051513672 660
1742123235078 -66.14643859863281 661
1742123237913 -57.206153869628906 662
1742123240667 -60.127803802490234 663
1742123243603 -63.97111511230469 664
1742123246399 -77.88139343261719 665
1742123249210 -72.94332122802734 666
1742123251993 -50.66843032836914 667
1742123254957 -53.9163818359375 668
1742123257700 -62.21917724609375 669
1742123263576 -43.17715835571289 671
1742123266417 -66.20594024658203 672
1742123269295 -50.92502975463867 673
1742123274956 -63.27814865112305 675
1742123277820 -71.14132690429688 676
1742123280647 -54.490936279296875 677
1742123283502 -69.06059265136719 678
1742123286403 -65.57857513427734 679
1742123289247 -55.24722671508789 680
1742123292048 -72.6816177368164 681
1742123294980 -64.0735855102539 682
1742123297673 -69.64535522460938 683
1742123300468 -66.09883880615234 684
1742123303441 -58.263214111328125 685
1742123308993 -58.56085968017578 687
1742123311856 -60.51731491088867 688
1742123314754 -57.632713317871094 689
1742123320238 -64.35134887695312 691
1742123323227 -63.975738525390625 692
1742123326049 -45.05105972290039 693
1742123331644 -62.3011360168457 695
1742123334714 -56.22808074951172 696
1742123342843 -59.267356872558594 699
1742123345976 -41.49616241455078 700
1742123354327 -64.99746704101562 703
1742123357062 -57.03602981567383 704
1742123365409 -47.5643196105957 707
1742123373392 -72.05979919433594 710
1742123376353 -54.50213623046875 711
1742123379060 -70.59781646728516 712
1742123384704 -39.276180267333984 714
1742123387597 -50.3646354675293 715
1742123390427 -56.31985855102539 716
1742123396225 -43.96729278564453 718
1742123401735 -57.06604766845703 720
1742123404521 -30.195430755615234 721
1742123407635 -34.80084228515625 722
1742123410348 -55.77472686767578 723
1742123413187 -50.540164947509766 724
1742123418881 -50.36479127187297 726
1742123421675 -71.77953784445342 727
1742123424524 -46.822120666503906 728
1742123427482 -55.15008544921875 729
1742123430336 -40.463294982910156 730
1742123433104 -61.03691482543945 731
1742123436043 -60.211395263671875 732
1742123439037 -51.0012092590332 733
1742123444710 -64.83523559570312 735
1742123447529 -62.71599578857422 736
1742123450505 -52.736724853515625 737
1742123455901 -72.24319458007812 739
1742123458717 -52.115047454833984 740
1742123461581 -51.625755310058594 741
1742123464284 -62.142059326171875 742
1742123467051 -61.3357048034668 743
1742123469912 -69.55880737304688 744
1742123472615 -63.34666442871094 745
1742123475432 -16.4699764251709 746
1742123478191 -54.73824691772461 747
1742123481129 -68.14274597167969 748
1742123486626 -43.507999420166016 750
1742123489452 -59.04723358154297 751
1742123492424 -63.15155029296875 752
1742123495148 -60.85477828979492 753
1742123501055 -47.54774856567383 755
1742123504038 -27.124736785888672 756
1742123506886 -50.64122772216797 757
1742123512654 -37.16845703125 759
1742123515494 -54.351036071777344 760
1742123521010 -49.82062911987305 762
1742123523889 -57.94474792480469 763
1742123526798 -35.58030319213867 764
1742123532227 -33.52136993408203 766
1742123535088 -43.75838088989258 767
1742123543301 -58.270015716552734 770
1742123546226 -65.55746459960938 771
1742123551732 -56.88298034667969 773
1742123554563 -61.468040466308594 774
1742123557737 -36.563682556152344 775
1742123563187 -57.190093994140625 777
1742123566043 -52.33286666870117 778
1742123568887 -73.60980987548828 779
1742123574486 -48.4327392578125 781
1742123577377 -62.68368148803711 782
1742123580144 -57.028228759765625 783
1742123582980 -29.498138427734375 784
1742123585791 -69.03722381591797 785
1742123588617 -55.84126663208008 786
1742123594201 -58.54814910888672 788
1742123597191 -30.307920455932617 789
1742123600011 -67.55795288085938 790
1742123602822 -27.424453735351562 791
1742123605606 -53.18138885498047 792
1742123608520 -70.00444793701172 793
1742123611348 -75.32621002197266 794
1742123614217 -53.57219696044922 795
1742123617175 -54.35603713989258 796
1742123622767 -27.600261688232422 798
1742123625569 -65.63915252685547 799
1742123628515 -61.21159744262695 800
1742123634162 -58.340728759765625 802
1742123637074 -25.84488296508789 803
1742123639947 -47.94697952270508 804
1742123642722 -62.11920928955078 805
1742123645630 -33.99052429199219 806
1742123648383 -42.692840576171875 807
1742123651153 -59.662925720214844 808
1742123653942 -63.368526458740234 809
1742123656783 -47.97888321998012 810
1742123659533 -42.4914436340332 811
1742123662328 -66.84651184082031 812
1742123665311 -60.66374969482422 813
1742123670785 -59.670387268066406 815
1742123673714 -55.35704040527344 816
1742123676577 -53.36595916748047 817
1742123682153 -59.79060889073966 819
1742123685153 -38.8070182800293 820
1742123688005 -47.57029724121094 821
1742123693688 -63.49088668823242 823
1742123696611 -47.28848648071289 824
1742123699701 -23.174774169921875 825
1742123705434 -47.79850387573242 827
1742123711058 -54.742435455322266 829
1742123716785 -37.82670211791992 831
1742123719453 -49.79083908994464 832
1742123722318 -43.44169235229492 833
1742123725100 -69.07581329345703 834
1742123727953 -64.3234634399414 835
1742123730689 -56.75432205200195 836
1742123733641 -21.392473220825195 837
1742123736515 -60.56831359863281 838
1742123742144 -50.424015045166016 840
1742123745171 -52.97047424316406 841
1742123748133 -55.94413757324219 842
1742123753824 -46.71059036254883 844
1742123756763 -66.073486328125 845
1742123759698 -62.431068420410156 846
1742123762562 -62.97651290893555 847
1742123765483 -57.10448455810547 848
1742123768431 12.323171501898146 849
1742123771314 -58.9136962890625 850
1742123774155 -57.87535858154297 851
1742123777066 -65.0104751586914 852
1742123779911 -47.088043212890625 853
1742123785544 -32.030555725097656 855
1742123788400 -50.6827392578125 856
1742123791191 -53.68634033203125 857
1742123793929 -69.88948822021484 858
1742123796765 -44.31372833251953 859
1742123799624 -66.6129150390625 860
1742123802338 -47.13214111328125 861
1742123805079 -53.87069320678711 862
1742123807968 -62.4206657409668 863
1742123810769 -57.34426498413086 864
1742123816127 -51.623199462890625 866
1742123818883 -72.99771881103516 867
1742123821644 -47.22499465942383 868
1742123824459 -39.24738311767578 869
1742123827154 -60.52811050415039 870
1742123829951 -50.91645050048828 871
1742123832728 -58.26372528076172 872
1742123835478 -10.67248821258545 873
1742123838377 -34.49070739746094 874
1742123843819 -64.22606658935547 876
1742123846503 -54.02373123168945 877
1742123849244 -62.86436080932617 878
1742123851873 -73.02767944335938 879
1742123854702 -47.967872619628906 880
1742123857521 -51.99937438964844 881
1742123860353 -54.519386291503906 882
1742123863043 -54.0999641418457 883
1742123866028 -28.62464177022284 884
1742123868805 -53.90994644165039 885
1742123871575 -77.32263946533203 886
1742123874441 -57.700958251953125 887
1742123877180 -49.66258239746094 888
1742123880215 -37.53008270263672 889
1742123885629 -56.0561637878418 891
1742123888290 -56.2437629699707 892
1742123891293 -32.222633361816406 893
1742123896946 -65.75621795654297 895
1742123899783 -61.71596145629883 896
1742123902658 -70.53610229492188 897
1742123905409 -49.8466796875 898
1742123910973 -50.99318313598633 900
1742123913801 -61.792236328125 901
1742123916680 -71.299072265625 902
1742123922298 -61.15179443359375 904
1742123925398 9.850508689880371 905
1742123928526 -23.007083892822266 906
1742123931360 -66.32613372802734 907
1742123934327 -52.584129333496094 908
1742123940059 -61.98558807373047 910
1742123942915 -66.0384292602539 911
1742123945856 -47.65766143798828 912
1742123951548 -66.05252838134766 914
1742123957241 -55.89137649536133 916
1742123962969 -49.23054122924805 918
1742123965737 -59.59218215942383 919
1742123968614 -20.815067291259766 920
1742123971416 -59.48817825317383 921
1742123977040 -65.50006866455078 923
1742123979990 -8.431344985961914 924
1742123983006 -60.5798225402832 925
1742123988339 -49.05712127685547 927
1742123991148 -51.079429626464844 928
1742123994088 -53.36792755126953 929
1742123999528 -54.77177810668945 931
1742124002484 -61.92539596557617 932
1742124005209 -73.8364486694336 933
1742124010594 -73.5052490234375 935
1742124013557 -51.40190505981445 936
1742124016256 -44.018035888671875 937
1742124021759 -52.84498596191406 939
1742124024485 -51.24623489379883 940
1742124027232 -59.03238296508789 941
1742124030012 -63.165985107421875 942
1742124033046 -62.598514556884766 943
1742124038666 -70.44383239746094 945
1742124041721 -24.22652244567871 946
1742124044718 -37.25522994995117 947
1742124050280 -69.73278045654297 949
1742124053316 -58.800750732421875 950
1742124056180 -54.42173767089844 951
1742124061867 -61.2243766784668 953
1742124064853 -36.4029426574707 954
1742124073404 -54.17567825317383 957
1742124076332 -52.533287048339844 958
1742124081718 -41.47923278808594 960
1742124084618 -60.1391716003418 961
1742124087479 -46.371726989746094 962
1742124092933 -62.82423400878906 964
1742124095760 -44.52592086791992 965
1742124098626 -57.766815185546875 966
1742124104297 -48.772483825683594 968
1742124107203 -66.84964752197266 969
1742124109987 -67.33876037597656 970
1742124112963 -20.032453536987305 971
1742124115811 -66.41132354736328 972
1742124118726 -49.74851989746094 973
1742124124462 -54.70614242553711 975
1742124127470 -47.908687591552734 976
1742124130481 -39.9744758605957 977
1742124135972 -54.42765426635742 979
1742124138800 -62.62267646027568 980
1742124141667 -69.26551055908203 981
1742124144362 -65.29930114746094 982
1742124149941 -55.1888313293457 984
1742124152885 -17.4140625 985
1742124155725 -62.18632507324219 986
1742124158619 -53.97772979736328 987
1742124161680 -13.695902504576035 988
1742124164523 -25.228126525878906 989
1742124167298 -70.9310302734375 990
1742124170143 -40.317161560058594 991
1742124173115 -62.14654541015625 992
1742124176102 -19.68202018737793 993
1742124178992 -79.1458969116211 994
1742124182001 -54.63554763793945 995
1742124185024 -25.64780044555664 996
1742124187808 -51.3510856628418 997
1742124193721 -58.54129409790039 999
1742124196551 -52.47038269042969 1000
1742124199388 -39.778621673583984 1001
1742124202286 -53.79434585571289 1002
1742124205120 -59.99955749511719 1003
1742124208264 -30.56258201599121 1004
1742124211154 -59.6848258972168 1005
1742124213975 -53.73543930053711 1006
1742124216857 -56.43040466308594 1007
1742124219870 -37.533512115478516 1008
1742124222803 -48.687965393066406 1009
1742124225701 -73.42801666259766 1010
1742124228543 -44.718814849853516 1011
1742124231429 -70.55039978027344 1012
1742124234298 -66.17264556884766 1013
1742124237092 -51.209022521972656 1014
1742124239887 -49.79533386230469 1015
1742124242911 -59.80636978149414 1016
1742124248365 -43.89694595336914 1018
1742124251207 -53.937767028808594 1019
1742124254339 -47.61716842651367 1020
1742124257192 -52.24208068847656 1021
1742124262844 -53.230865478515625 1023
1742124265704 -60.90372848510742 1024
1742124268482 -61.37348937988281 1025
1742124274007 -60.837852478027344 1027
1742124276882 -62.664710998535156 1028
1742124279594 -64.22158813476562 1029
1742124282473 -67.28694152832031 1030
1742124285324 -20.09176254272461 1031
1742124288247 -41.26740264892578 1032
1742124291073 -44.54039764404297 1033
1742124294013 -59.05122375488281 1034
1742124296843 -52.36334991455078 1035
1742124302685 -52.98401641845703 1037
1742124305502 -59.900264739990234 1038
1742124308454 -66.43346405029297 1039
1742124314090 -57.63594436645508 1041
1742124316841 -73.1618881225586 1042
1742124319670 -54.2872314453125 1043
1742124322480 -56.80503463745117 1044
1742124325491 -34.9818000793457 1045
1742124328230 -44.54344940185547 1046
1742124331161 -48.658321380615234 1047
1742124333930 -46.510520935058594 1048
1742124336863 -31.649988174438477 1049
1742124339631 -54.601173400878906 1050
1742124345107 -60.98828125 1052
1742124347956 -59.24610900878906 1053
1742124350865 -37.0259895324707 1054
1742124353589 -56.50650405883789 1055
1742124356331 -47.63535690307617 1056
1742124359037 -71.4023666381836 1057
1742124361909 -63.83960723876953 1058
1742124364699 -70.58312225341797 1059
1742124367456 -55.80047607421875 1060
1742124370230 -67.86518859863281 1061
1742124373099 -55.196693420410156 1062
1742124375940 -61.10258102416992 1063
1742124381567 -47.267380802057396 1065
1742124384505 -42.070003509521484 1066
1742124387365 -28.832380294799805 1067
1742124392817 -56.51793670654297 1069
1742124395748 -53.745704650878906 1070
1742124398536 -26.06248664855957 1071
1742124403978 -52.57493209838867 1073
1742124406850 -48.90846633911133 1074
1742124415277 -52.315242767333984 1077
1742124418150 -60.68560028076172 1078
1742124426547 -56.556541442871094 1081
1742124429325 -69.08301544189453 1082
1742124434670 -44.6661262512207 1084
1742124437865 -42.40769577026367 1085
1742124446530 -54.369537353515625 1088
1742124449609 -62.356109619140625 1089
1742124458173 -67.52140045166016 1092
1742124461081 -73.494873046875 1093
1742124469616 -53.89522933959961 1096
1742124472521 -62.279441833496094 1097
1742124478076 -52.32358199371102 1099
1742124481056 -50.37950134277344 1100
1742124489309 -60.07151412963867 1103
1742124492270 -66.68196868896484 1104
1742124500613 -51.988059997558594 1107
1742124503518 -53.84849548339844 1108
1742124509011 -54.5314826965332 1110
1742124511923 -56.660308837890625 1111
1742124514780 -62.003501892089844 1112
1742124520257 -58.990447998046875 1114
1742124523235 -37.55815887451172 1115
1742124526118 -47.59885025024414 1116
1742124531792 -58.401058197021484 1118
1742124534700 -53.2105712890625 1119
1742124537488 -62.4522590637207 1120
1742124540245 -71.46949768066406 1121
1742124543301 -30.113805770874023 1122
1742124546103 -54.839454650878906 1123
1742124548832 -59.82419204711914 1124
1742124551693 -64.51122283935547 1125
1742124554545 -47.42980194091797 1126
1742124557438 -53.65459442138672 1127
1742124563213 -60.02589797973633 1129
1742124568824 -56.756797790527344 1131
1742124574558 -62.22398376464844 1133
1742124577383 2.2115726470947266 1134
1742124580277 -54.0892333984375 1135
1742124583115 -48.522789001464844 1136
1742124585928 -74.47874450683594 1137
1742124591528 -68.93495178222656 1139
1742124594472 -61.12157440185547 1140
1742124597301 -74.16075897216797 1141
1742124603025 -53.95923614501953 1143
1742124605997 -62.96772384643555 1144
1742124608882 -41.49825668334961 1145
1742124611714 -65.88636779785156 1146
1742124614767 -61.45501708984375 1147
1742124617652 -76.07532501220703 1148
1742124620594 -61.795684814453125 1149
1742124623434 -63.62767791748047 1150
1742124626448 -49.75379943847656 1151
1742124629323 -45.53866958618164 1152
1742124634918 -75.62191772460938 1154
1742124637866 -51.21669387817383 1155
1742124640683 -68.62254333496094 1156
1742124646314 -57.61774444580078 1158
1742124649323 -58.64719009399414 1159
1742124654835 -54.45234298706055 1161
1742124657660 -64.37107849121094 1162
1742124660711 -59.64650344848633 1163
1742124666286 -63.81077575683594 1165
1742124669170 -69.10939025878906 1166
1742124672083 -47.74565505981445 1167
1742124677607 -68.69374084472656 1169
1742124680671 -63.29373550415039 1170
1742124683524 -45.27955627441406 1171
1742124686401 -72.4144287109375 1172
1742124689266 -73.83280944824219 1173
1742124692243 -58.17794418334961 1174
1742124695051 -46.30985641479492 1175
1742124697895 -44.89618682861328 1176
1742124700800 -52.80750274658203 1177
1742124703585 -48.8519172668457 1178
1742124708969 -63.828163146972656 1180
1742124712071 -43.334197998046875 1181
1742124714927 -71.60237121582031 1182
1742124720669 -60.83837890625 1184
1742124723616 -64.69117736816406 1185
1742124726422 -53.7650146484375 1186
1742124729204 -58.530113220214844 1187
1742124732080 -63.760128021240234 1188
1742124734974 -56.7380485534668 1189
1742124737701 -72.99327850341797 1190
1742124740536 -59.65465545654297 1191
1742124746160 -48.634674072265625 1193
1742124748899 -43.7910041809082 1194
1742124751708 -52.759029388427734 1195
1742124754351 -70.97567749023438 1196
1742124757103 -54.8318977355957 1197
1742124759816 -62.05586624145508 1198
1742124762671 -59.54608154296875 1199
1742124765461 -56.28762435913086 1200
1742124771064 -49.0482063293457 1202
1742124776588 -64.26079559326172 1204
1742124779291 -64.88391638254765 1205
1742124782291 -51.813228607177734 1206
1742124787919 -66.34403228759766 1208
1742124790744 -56.018287658691406 1209
1742124793828 -27.495325088500977 1210
1742124796739 -53.01485824584961 1211
1742124799517 -74.18780517578125 1212
1742124802447 -34.75297164916992 1213
1742124805305 -56.45423889160156 1214
1742124808054 -51.50191879272461 1215
1742124810868 -49.41635182185043 1216
1742124813662 -65.8629379272461 1217
1742124816419 -74.33988189697266 1218
1742124822103 -60.36311340332031 1220
1742124825050 -36.00053787231445 1221
1742124827934 -46.06659698486328 1222
1742124830661 -44.54730987548828 1223
1742124833534 -52.9372444152832 1224
1742124836402 -50.254432678222656 1225
1742124839179 -55.11406707763672 1226
1742124841924 -60.108558654785156 1227
1742124847740 -41.72350311279297 1229
1742124853449 -52.40013122558594 1231
1742124856252 -74.97461700439453 1232
1742124859172 -46.42035675048828 1233
1742124864784 -59.64855194091797 1235
1742124867665 -60.73112106323242 1236
1742124870450 -89.14723205566406 1237
1742124873202 -44.524391174316406 1238
1742124876032 -66.75444793701172 1239
1742124878905 -50.34034729003906 1240
1742124881681 -51.05905532836914 1241
1742124884535 -47.72282791137695 1242
1742124887382 -47.36699295043945 1243
1742124890233 -55.867462158203125 1244
1742124893013 -54.927330017089844 1245
1742124895736 -64.98184967041016 1246
1742124898577 -53.94997787475586 1247
1742124904371 -32.56222152709961 1249
1742124910122 -62.68656921386719 1251
1742124915845 -63.1626091003418 1253
1742124921785 -55.39789962768555 1255
1742124924733 -54.94569778442383 1256
1742124927688 -65.25942993164062 1257
1742124930677 -55.59459686279297 1258
1742124933677 -51.75430679321289 1259
1742124936685 -79.05558776855469 1260
1742124939700 -47.20883560180664 1261
1742124942777 -52.94475555419922 1262
1742124945812 -35.15742111206055 1263
1742124948638 -55.38304138183594 1264
1742124954578 -57.52545166015625 1266
1742124957665 -54.383880615234375 1267
1742124960513 -75.6436996459961 1268
1742124963375 -51.66635513305664 1269
1742124966398 -55.17335510253906 1270
1742124969286 -19.334308624267578 1271
1742124971994 -45.88010787963867 1272
1742124974950 -67.38552856445312 1273
1742124978022 -50.52531814575195 1274
1742124983514 -40.491947174072266 1276
1742124986465 -56.09850311279297 1277
1742124989363 -57.82056427001953 1278
1742124994912 -64.66129302978516 1280
1742124997745 -67.0235595703125 1281
1742125000515 -51.899696350097656 1282
1742125005890 -45.44091033935547 1284
1742125008594 -63.097286224365234 1285
1742125011401 -52.802853643740576 1286
1742125014116 -50.08475112915039 1287
1742125016948 -58.17314272460827 1288
1742125019705 -53.43843460083008 1289
1742125022560 -69.53926086425781 1290
1742125025363 -64.92591094970703 1291
1742125028271 -48.82135772705078 1292
1742125031011 -52.4675407409668 1293
1742125033968 -23.39682388305664 1294
1742125036961 -47.05366516113281 1295
1742125045287 -61.5374870300293 1298
1742125048326 -54.68360137939453 1299
1742125053896 -44.86222839355469 1301
1742125056962 -48.846527099609375 1302
1742125059770 -62.8916015625 1303
1742125065280 -60.31907272338867 1305
1742125068405 -39.03199005126953 1306
1742125071290 -63.9853630065918 1307
1742125077034 -52.85468673706055 1309
1742125080156 -68.72950744628906 1310
1742125082969 1.2707624435424805 1311
1742125088829 -58.20964431762695 1313
1742125091609 -49.647483825683594 1314
1742125094407 -51.0749626159668 1315
1742125097359 -34.09749221801758 1316
1742125100286 -60.11173629760742 1317
1742125105772 -54.89828109741211 1319
1742125108747 -68.36954498291016 1320
1742125111446 -65.59558868408203 1321
1742125116780 -68.65216827392578 1323
1742125119952 -61.66741943359375 1324
1742125128789 -33.912528608197 1327
1742125131755 -76.2672119140625 1328
1742125140222 -56.033592224121094 1331
1742125148666 -57.71582794189453 1334
1742125151860 -56.18727111816406 1335
1742125160266 -59.46437072753906 1338
1742125163298 -60.9188117980957 1339
1742125171593 -43.688133239746094 1342
1742125174529 -59.4263916015625 1343
1742125180029 -73.1295394897461 1345
1742125182924 -58.53411865234375 1346
1742125185834 -50.482418060302734 1347
1742125191467 -48.8934326171875 1349
1742125194502 -40.4366455078125 1350
1742125197282 -56.36558532714844 1351
1742125200075 -59.6110725402832 1352
1742125205879 -49.80952072143555 1354
1742125211366 -67.360107421875 1356
1742125214221 -43.41007614135742 1357
1742125217158 -56.69367218017578 1358
1742125219910 -54.36898422241211 1359
1742125225674 -57.31589936242492 1361
1742125228682 -22.657690048217773 1362
1742125231496 -71.08538818359375 1363
1742125237183 -56.23247528076172 1365
1742125242683 -53.242191314697266 1367
1742125248470 -60.11271667480469 1369
1742125251250 -54.8353157043457 1370
1742125256794 -49.694488525390625 1372
1742125259855 -62.67075530777001 1373
1742125262743 -61.39856719970703 1374
1742125268683 -28.847902297973633 1376
1742125271738 -38.382781982421875 1377
1742125274546 -53.858184814453125 1378
1742125280135 -65.2500228881836 1380
1742125282933 -63.60945129394531 1381
1742125288330 -68.85326385498047 1383
1742125291183 -53.07029724121094 1384
1742125294099 -33.70315170288086 1385
1742125299649 -65.11215209960938 1387
1742125302522 -59.31336975097656 1388
1742125305359 -57.26354217529297 1389
1742125308044 -67.65065002441406 1390
1742125310836 -57.76592254638672 1391
1742125313809 -36.256500244140625 1392
1742125316652 -17.693172454833984 1393
1742125322248 -68.38047790527344 1395
1742125325110 -69.82699584960938 1396
1742125327897 -61.89962387084961 1397
1742125333468 -55.446285247802734 1399
1742125336255 -52.57539749145508 1400
1742125339031 -71.40447998046875 1401
1742125341767 -63.840824127197266 1402
1742125344790 -42.70770241307752 1403
1742125350325 -43.12465286254883 1405
1742125353479 -47.39124089885242 1406
1742125356306 -64.84928894042969 1407
1742125359189 -5.541181564331055 1408
1742125362164 -66.22594451904297 1409
1742125367771 -47.01923370361328 1411
1742125370535 -67.21937561035156 1412
1742125373565 -64.36568450927734 1413
1742125376449 -28.62462043762207 1414
1742125382146 -64.1697769165039 1416
1742125384950 -58.6077766418457 1417
1742125387743 -55.32752227783203 1418
1742125390515 -40.99457931518555 1419
1742125393423 -48.42839813232422 1420
1742125396250 -55.94627380371094 1421
1742125399072 -61.345611572265625 1422
1742125401989 -60.13075637817383 1423
1742125407761 -57.10466003417969 1425
1742125413737 -65.78011322021484 1427
1742125419433 -52.91681671142578 1429
1742125422356 -58.00933074951172 1430
1742125425324 -58.77131271362305 1431
1742125431017 -57.76984632970451 1433
1742125433870 -63.32372283935547 1434
1742125436819 -69.00890350341797 1435
1742125442697 -57.78330612182617 1437
1742125445877 -59.93543243408203 1438
1742125448452 -49.71280288696289 1439
1742125454305 -61.492584228515625 1441
1742125457172 -54.801578521728516 1442
1742125460015 -55.29182052612305 1443
1742125462988 -51.68712615966797 1444
1742125465869 -54.32632827758789 1445
1742125468819 -48.33369064331055 1446
1742125474354 -58.35820770263672 1448
1742125477098 -61.58415603637695 1449
1742125479963 -53.09367370605469 1450
1742125485837 -45.798954010009766 1452
1742125491463 -60.37303924560547 1454
1742125494200 -56.365478515625 1455
1742125497080 -61.667747497558594 1456
1742125499780 -68.64228820800781 1457
1742125502567 -54.01028823852539 1458
1742125505449 -29.1783447265625 1459
1742125508323 -59.02481460571289 1460
1742125511192 -56.61784362792969 1461
1742125516827 -49.694820404052734 1463
1742125522372 -62.064598083496094 1465
1742125527993 -57.998321533203125 1467
1742125533568 -55.509281158447266 1469
1742125539282 -47.152320861816406 1471
1742125542037 -49.41230010986328 1472
1742125547388 -66.7110824584961 1474
1742125550404 -51.33200454711914 1475
1742125553226 -59.776649475097656 1476
1742125558865 -61.2463264465332 1478
1742125561848 -30.35292625427246 1479
1742125570016 -47.8755989074707 1482
1742125572872 -51.10808563232422 1483
1742125581010 -50.27821350097656 1486
1742125583866 -55.64396286010742 1487
1742125592331 -59.08472442626953 1490
1742125603455 -53.554359436035156 1494
1742125611829 -57.302738189697266 1497
1742125614913 -60.595375061035156 1498
1742125623534 -40.48720932006836 1501
1742125626349 -59.667266845703125 1502
1742125631884 -69.1003189086914 1504
1742125634911 -59.901885986328125 1505
1742125637698 -50.19847106933594 1506
1742125643276 -54.61979675292969 1508
1742125646361 -60.075321197509766 1509
1742125652007 -53.10291290283203 1511
1742125654824 -46.763301849365234 1512
1742125658241 -22.94365882873535 1513
1742125663814 -59.036983489990234 1515
1742125666622 -59.0853157043457 1516
1742125669616 -64.61378479003906 1517
1742125672453 -68.16339874267578 1518
1742125678162 -59.09535598754883 1520
1742125681157 -71.37767028808594 1521
1742125684107 -26.775375366210938 1522
1742125689698 -63.7116813659668 1524
1742125692634 -60.855987548828125 1525
1742125695458 -57.72856521606445 1526
1742125701172 -58.090850830078125 1528
1742125704263 -61.870487213134766 1529
1742125707152 9.007163047790527 1530
1742125712921 -67.27635955810547 1532
1742125715888 -48.336212158203125 1533
1742125724502 -42.85350799560547 1536
1742125727446 -52.517822265625 1537
1742125733017 -62.18007278442383 1539
1742125736238 -73.48526000976562 1540
1742125739102 -49.22990417480469 1541
1742125744794 -58.70932388305664 1543
1742125747744 -50.054466247558594 1544
1742125750621 -78.83451843261719 1545
1742125756596 -60.24519348144531 1547
1742125762151 -55.83723449707031 1549
1742125767988 -48.89038624547132 1551
1742125773522 -63.981910705566406 1553
1742125776370 -57.701332092285156 1554
1742125779476 -44.5692253112793 1555
1742125784973 -53.06935119628906 1557
1742125787881 -61.918052673339844 1558
1742125790826 -59.60773468017578 1559
1742125793584 -60.27395248413086 1560
1742125799414 -31.58795738220215 1562
1742125802423 -33.09557342529297 1563
1742125805406 -33.86713790893555 1564
1742125808229 -57.05649185180664 1565
1742125811066 -60.88487243652344 1566
1742125816827 -32.1451416015625 1568
1742125819820 -49.89659881591797 1569
1742125822618 -52.499786376953125 1570
1742125828344 -66.97556702086997 1572
1742125831135 -49.08378566518823 1573
1742125833979 -61.927337646484375 1574
1742125836844 -57.29691696166992 1575
1742125839833 -52.45502471923828 1576
1742125842656 -72.88897705078125 1577
1742125845472 -69.1654281616211 1578
1742125848304 -69.12126922607422 1579
1742125851274 -58.83242416381836 1580
1742125856795 -66.57645416259766 1582
1742125859686 -57.67113494873047 1583
1742125862555 -59.097442626953125 1584
1742125867999 -52.383304595947266 1586
1742125870913 -66.12112426757812 1587
1742125873771 -65.47369384765625 1588
1742125876787 -70.35580444335938 1589
1742125879975 -53.4254150390625 1590
1742125883018 -63.25513458251953 1591
1742125885825 -58.538761138916016 1592
1742125888631 -75.77366638183594 1593
1742125891411 -58.5081901550293 1594
1742125894277 -58.42371368408203 1595
1742125896949 -53.61376953125 1596
1742125899748 -55.413150787353516 1597
1742125902657 -29.719884872436523 1598
1742125908007 -30.853992462158203 1600
1742125910785 -54.93310546875 1601
1742125913359 -62.57148742675781 1602
1742125915946 -43.63935852050781 1603
1742125918682 -59.95806884765625 1604
1742125921480 -44.81697082519531 1605
1742125924282 -61.914710998535156 1606
1742125927072 -61.13351058959961 1607
1742125929899 -61.55289077758789 1608
1742125932704 -58.69145202636719 1609
1742125938097 -59.6011962890625 1611
1742125940980 -51.54258728027344 1612
1742125943882 -66.94862365722656 1613
1742125949492 -50.91242599487305 1615
1742125952390 -55.065547943115234 1616
1742125955236 -53.631866455078125 1617
1742125960902 -53.96614456176758 1619
1742125963983 -24.05321502685547 1620
1742125969762 -64.31758880615234 1622
1742125972672 -53.777000427246094 1623
1742125975572 -60.85637664794922 1624
1742125981133 -50.72351837158203 1626
1742125984085 -52.86146545410156 1627
1742125986940 -54.221073150634766 1628
1742125989776 -56.75487518310547 1629
1742125992528 -58.655033111572266 1630
1742125995486 -66.72567749023438 1631
1742125998468 -32.4721794128418 1632
1742126001310 -53.17283630371094 1633
1742126004107 -65.1697006225586 1634
1742126006939 -47.23893737792969 1635
1742126009873 -63.652488708496094 1636
1742126012658 -50.35932159423828 1637
1742126015529 -52.13492965698242 1638
1742126018315 -52.07880783081055 1639
1742126021319 -55.237335205078125 1640
1742126027270 -61.758056640625 1642
1742126030253 -51.31964874267578 1643
1742126033227 -22.560138702392578 1644
1742126039097 -34.1505012512207 1646
1742126041998 -55.989227294921875 1647
1742126044793 -66.93751525878906 1648
1742126047599 -53.87394332885742 1649
1742126050468 -51.34016418457031 1650
1742126053356 -54.275478002700275 1651
1742126056175 -54.20266342163086 1652
1742126058966 -47.64590835571289 1653
1742126061893 -56.267330169677734 1654
1742126064699 -52.51185607910156 1655
1742126067612 -66.19673156738281 1656
1742126073474 -50.01736068725586 1658
1742126076447 -54.97665023803711 1659
1742126079314 -55.45182418823242 1660
1742126085012 -57.3665771484375 1662
1742126087939 -68.28547668457031 1663
1742126090741 -46.57697296142578 1664
1742126093455 -50.94386672973633 1665
1742126096429 -49.22850036621094 1666
1742126099301 -56.995391845703125 1667
1742126104818 -43.21035385131836 1669
1742126107925 -41.65766906738281 1670
1742126110719 -55.05072784423828 1671
1742126116236 -55.95558547973633 1673
1742126119391 -53.51546859741211 1674
1742126122185 9.86396598815918 1675
1742126127841 -63.74334716796875 1677
1742126130828 -33.89622116088867 1678
1742126139251 -65.77405548095703 1681
1742126142379 -27.795719146728516 1682
1742126150407 -62.01475524902344 1685
1742126153254 -48.072906494140625 1686
1742126158632 -52.58932876586914 1688
1742126161527 -49.1912727355957 1689
1742126164324 -46.68074035644531 1690
1742126169793 -55.90961837768555 1692
1742126172654 -59.885780334472656 1693
1742126175452 -52.6947135925293 1694
1742126181199 -53.26180648803711 1696
1742126184182 -52.68341264972898 1697
1742126189940 -46.85533905029297 1699
1742126192844 -70.70166778564453 1700
1742126195694 -49.09478759765625 1701
1742126201344 -51.42350387573242 1703
1742126206979 -64.94029235839844 1705
1742126212784 -38.767879486083984 1707
1742126215576 -61.06995391845703 1708
1742126218406 -69.90373992919922 1709
1742126221394 -43.24236297607422 1710
1742126224138 -42.296627044677734 1711
1742126226863 -46.96171188354492 1712
1742126229705 -63.459442138671875 1713
1742126232575 8.557558059692383 1714
1742126235415 -71.22795867919922 1715
1742126238229 -56.46582794189453 1716
1742126241183 -64.39513397216797 1717
1742126244002 -60.079383850097656 1718
1742126246900 -60.510902404785156 1719
1742126252847 -32.001033782958984 1721
1742126258397 -58.74956130981445 1723
1742126261295 -73.92139434814453 1724
1742126264170 -56.28211212158203 1725
1742126269644 -59.89912414550781 1727
1742126272492 -64.57794189453125 1728
1742126275337 -52.451446533203125 1729
1742126280844 -56.534423828125 1731
1742126283691 -58.501705169677734 1732
1742126286379 -53.474822998046875 1733
1742126289065 -50.936519622802734 1734
1742126292004 -34.604854583740234 1735
1742126294748 -55.9007453918457 1736
1742126297518 -59.06355667114258 1737
1742126300483 -58.474796295166016 1738
1742126303218 -40.55278015136719 1739
1742126308646 -52.49784469604492 1741
1742126311606 -54.39560317993164 1742
1742126314441 -46.49897766113281 1743
1742126320097 -53.35997009277344 1745
1742126323171 -32.75096893310547 1746
1742126331671 -51.14704895019531 1749
1742126334632 -58.03805923461914 1750
1742126340153 -54.258522033691406 1752
1742126343030 -56.38620609062851 1753
1742126345917 -60.223663330078125 1754
1742126351443 -57.090232849121094 1756
1742126354452 -45.3654899597168 1757
1742126357414 -58.84049987792969 1758
1742126360385 -26.429359436035156 1759
1742126363183 -55.90439987182617 1760
1742126366123 -49.357775039088104 1761
1742126368951 -57.651363372802734 1762
1742126371978 -31.55811309814453 1763
1742126374798 -53.4863395690918 1764
1742126377657 -53.12502670288086 1765
1742126380586 -47.47936248779297 1766
1742126383510 -61.02830505371094 1767
1742126386393 -51.43659591674805 1768
1742126389259 -49.29227066040039 1769
1742126392378 -50.840633392333984 1770
1742126397999 -49.85589599609375 1772
1742126401099 -35.73522413697727 1773
1742126404115 -58.02882385253906 1774
1742126409793 -65.7012710571289 1776
1742126412913 -53.00189971923828 1777
1742126421558 -66.82888793945312 1780
1742126424632 -40.924129486083984 1781
1742126432852 -59.30577087402344 1784
1742126435846 -61.2431640625 1785
1742126441338 -60.25048065185547 1787
1742126444139 -52.173397064208984 1788
1742126447043 -51.93073654174805 1789
1742126449842 -36.727691650390625 1790
1742126452705 -67.44007110595703 1791
1742126455659 -31.128171920776367 1792
1742126458464 -57.40797424316406 1793
1742126461271 -54.34272384643555 1794
1742126464058 -71.10479736328125 1795
1742126466992 -40.325069427490234 1796
1742126469945 -48.02800750732422 1797
1742126475486 -61.31291198730469 1799
1742126478397 -55.19276428222656 1800
1742126481286 -67.28199768066406 1801
1742126486706 -65.92547607421875 1803
1742126489768 -31.89523696899414 1804
1742126497792 -64.74287414550781 1807
1742126500701 -56.9167366027832 1808
1742126506075 -53.936012268066406 1810
1742126508820 -53.30138397216797 1811
1742126511868 -47.97687911987305 1812
1742126517264 -52.35004425048828 1814
1742126520250 -54.83435821533203 1815
1742126523187 10.982412338256836 1816
1742126529009 -38.71306228637695 1818
1742126532237 -25.070743560791016 1819
1742126537656 -46.35637283325195 1821
1742126540498 -58.51564407348633 1822
1742126543522 -44.63807678222656 1823
1742126546441 -16.801944732666016 1824
1742126552119 -48.99620819091797 1826
1742126554939 -45.56854248046875 1827
1742126557662 -71.33717346191406 1828
1742126560330 -53.80912399291992 1829
1742126563144 -54.89567565917969 1830
1742126565890 -79.83299255371094 1831
1742126568570 -61.28695297241211 1832
1742126571268 -48.0661506652832 1833
1742126574074 -54.88469696044922 1834
1742126576786 -48.015380859375 1835
1742126579507 -50.5374755859375 1836
1742126582331 -57.44966125488281 1837
1742126585177 -60.126792907714844 1838
1742126590767 -65.41284942626953 1840
1742126593803 -43.95632553100586 1841
1742126596695 -63.43362045288086 1842
1742126602366 -57.870296478271484 1844
1742126607919 -67.61966705322266 1846
1742126613616 -62.1114616394043 1848
1742126616458 -57.97845458984375 1849
1742126619450 9.878554344177246 1850
1742126625112 -65.25630187988281 1852
1742126627988 -55.83470916748047 1853
1742126633701 -44.48555374145508 1855
1742126636497 -57.559146881103516 1856
1742126639286 -16.94136619567871 1857
1742126642223 -64.42162322998047 1858
1742126645147 -57.475189208984375 1859
1742126648003 1.4007539749145508 1860
1742126650835 -71.65022277832031 1861
1742126653725 -63.41051483154297 1862
1742126656436 -68.57205963134766 1863
1742126659252 -52.02237319946289 1864
1742126662054 -54.059356689453125 1865
1742126664849 -60.47943878173828 1866
1742126667578 -66.09810638427734 1867
1742126670338 -53.29899597167969 1868
1742126673213 -54.97258377075195 1869
1742126675951 -56.88984298706055 1870
1742126678727 -55.72403846498334 1871
1742126681600 -52.38840103149414 1872
1742126684383 -60.436492919921875 1873
1742126687115 -72.0325927734375 1874
1742126689971 -61.26958465576172 1875
1742126692692 -69.74360656738281 1876
1742126695453 -68.92048645019531 1877
1742126698255 -50.949195861816406 1878
1742126701122 -75.89862060546875 1879
1742126703953 -71.66793823242188 1880
1742126706705 -53.266136169433594 1881
1742126709594 -61.36838150024414 1882
1742126712421 -50.15532302856445 1883
1742126717847 -58.60865783691406 1885
1742126720865 -32.06659698486328 1886
1742126723693 -58.151885986328125 1887
1742126729209 -53.26499557495117 1889
1742126732354 -40.836875915527344 1890
1742126737680 -51.950008392333984 1892
1742126740577 -75.68669128417969 1893
1742126743794 -31.769002682544937 1894
1742126746584 -6.2784929275512695 1895
1742126749453 -69.58381652832031 1896
1742126752260 -65.43927764892578 1897
1742126755196 -56.34281921386719 1898
1742126758042 -81.46721649169922 1899
1742126760822 -50.737403869628906 1900
1742126763614 -60.64167785644531 1901
1742126766446 -75.19007110595703 1902
1742126769349 -48.956275939941406 1903
1742126775014 -61.729522705078125 1905
1742126777829 -53.46583557128906 1906
1742126780629 -54.79060745239258 1907
1742126786388 -61.79062271118164 1909
1742126789307 -48.773162841796875 1910
1742126794877 -59.30823516845703 1912
1742126797857 -51.75439453125 1913
1742126800719 -58.746543884277344 1914
1742126806341 -59.579071044921875 1916
1742126809292 -54.3004035949707 1917
1742126812120 -68.74090576171875 1918
1742126814990 -29.502033233642578 1919
1742126817899 -38.9721794128418 1920
1742126820760 -69.67143249511719 1921
1742126823520 -60.48951721191406 1922
1742126826329 -53.94387435913086 1923
1742126829074 -46.01183319091797 1924
1742126831859 -77.74256134033203 1925
1742126834589 -19.142208099365234 1926
1742126837412 -36.27906799316406 1927
1742126840219 -50.52772521972656 1928
1742126845784 -53.12418746948242 1930
1742126848898 -37.708984375 1931
1742126851631 -57.68784713745117 1932
1742126854426 -82.08856964111328 1933
1742126860217 -60.57279968261719 1935
1742126862933 -67.67479705810547 1936
1742126865618 -65.70691680908203 1937
1742126868310 -6.788412094116211 1938
1742126871277 -60.07374954223633 1939
1742126876669 -81.7591552734375 1941
1742126879650 -57.75407409667969 1942
1742126885151 -43.082130432128906 1944
1742126890844 -62.874732971191406 1946
1742126896192 -45.82510757446289 1948
1742126898870 -59.34843063354492 1949
1742126901776 -65.06143951416016 1950
1742126907020 -53.69247055053711 1952
1742126909806 -51.1744310635045 1953
1742126912589 -68.29212951660156 1954
1742126917847 -64.56263732910156 1956
1742126920644 -51.71491622924805 1957
1742126923330 -52.577457427978516 1958
1742126925980 -63.85002899169922 1959
1742126928618 -48.002960205078125 1960
1742126931480 -51.11521530151367 1961
1742126936681 -52.06011962890625 1963
1742126939356 -61.620845794677734 1964
1742126942207 -56.19830322265625 1965
1742126947489 -34.29864501953125 1967
1742126950260 -49.117835998535156 1968
1742126953063 -71.32128143310547 1969
1742126958466 -50.122623443603516 1971
1742126961244 -50.39563751220703 1972
1742126963962 -71.41107177734375 1973
1742126966715 -51.237220764160156 1974
1742126969447 -46.029815673828125 1975
1742126972219 -61.18196105957031 1976
1742126974863 -78.21380615234375 1977
1742126977526 -73.0146484375 1978
1742126980188 -45.26069641113281 1979
1742126982972 -60.13054275512695 1980
1742126988308 -71.32706451416016 1982
1742126991021 -58.08319091796875 1983
1742126993787 -60.049835205078125 1984
1742126996569 -63.032997131347656 1985
1742126999288 -40.09483337402344 1986
1742127001975 -60.58158493041992 1987
1742127004809 -36.08282470703125 1988
1742127007504 -50.67136764526367 1989
1742127010260 -45.165504455566406 1990
1742127012984 -52.151485443115234 1991
1742127015828 -62.497764587402344 1992
1742127018609 -48.91481018066406 1993
1742127021274 -51.12384033203125 1994
1742127026642 -63.45302200317383 1996
1742127029550 -37.4407844543457 1997
1742127032250 -50.95684814453125 1998
1742127034960 -59.51569366455078 1999
1742127037883 -24.007091522216797 2000
1742127040537 -64.84087371826172 2001
1742127043188 -64.31568145751953 2002
1742127045835 -48.328460693359375 2003
1742127048840 -36.789371490478516 2004
1742127054111 -58.00465774536133 2006
1742127056800 -56.868186950683594 2007
1742127059674 -56.375762939453125 2008
1742127062291 -48.57290267944336 2009
1742127067801 -77.31517028808594 2011
1742127070753 -51.16230010986328 2012
1742127073527 -50.11619567871094 2013
1742127079267 -62.49615478515625 2015
1742127081924 -44.84712600708008 2016
1742127084596 -66.419921875 2017
1742127087245 -51.523094177246094 2018
1742127090060 -64.81893157958984 2019
1742127095215 -63.49362564086914 2021
1742127097906 -52.867767333984375 2022
1742127100748 -59.16773223876953 2023
1742127105971 -57.215904235839844 2025
1742127108925 -39.512939453125 2026
1742127111644 -53.65985107421875 2027
1742127114277 -57.40704345703125 2028
1742127119670 -59.1282844543457 2030
1742127122304 -53.10053634643555 2031
1742127124918 -53.72528076171875 2032
1742127127531 -56.5335807800293 2033
1742127130394 -53.6485595703125 2034
1742127135678 -37.332191467285156 2036
1742127138507 -57.85076904296875 2037
1742127141414 -44.694087982177734 2038
1742127146733 -55.582984924316406 2040
1742127149600 -65.87461853027344 2041
1742127152400 -19.93105125427246 2042
1742127155008 -68.01052856445312 2043
1742127157712 -66.25942993164062 2044
1742127160497 -67.08783721923828 2045
1742127163154 -62.1515007019043 2046
1742127165803 -58.969722747802734 2047
1742127168600 -26.149084091186523 2048
1742127171376 -52.01186752319336 2049
1742127176552 -53.90190887451172 2051
1742127182112 -56.7880859375 2053
1742127187376 -61.08387756347656 2055
1742127190075 -52.64888000488281 2056
1742127192648 -61.59165954589844 2057
1742127197901 -56.81023406982422 2059
1742127200667 -59.841007232666016 2060
1742127203664 -15.060173988342285 2061
1742127209115 -60.384300231933594 2063
1742127211955 -56.41008377075195 2064
1742127214788 -51.176475524902344 2065
1742127217404 -52.49570083618164 2066
1742127220272 -53.51227951049805 2067
1742127223182 -47.74668884277344 2068
1742127228568 -22.86504364013672 2070
1742127231372 -46.237667083740234 2071
1742127234158 -53.6522216796875 2072
1742127239463 -32.607608795166016 2074
1742127242265 -61.49351501464844 2075
1742127244961 -52.34117126464844 2076
1742127250417 -53.50425338745117 2078
1742127253281 -19.02599334716797 2079
1742127255967 -55.06600570678711 2080
1742127258620 -52.255672454833984 2081
1742127261370 -44.49694061279297 2082
1742127264074 -55.365020751953125 2083
1742127269382 -47.496307373046875 2085
1742127272309 -31.560183368661324 2086
1742127275096 -70.55496978759766 2087
1742127277825 -66.9672622680664 2088
1742127280737 -54.130184173583984 2089
1742127283642 -52.65841293334961 2090
1742127286387 -42.7821159362793 2091
1742127289169 -54.287925720214844 2092
1742127291931 -62.1484375 2093
1742127294942 -41.80926513671875 2094
1742127300447 -49.81072235107422 2096
1742127303156 -61.31161880493164 2097
1742127306001 -54.69724655151367 2098
1742127308643 -55.59217834472656 2099
1742127313944 -49.71287536621094 2101
1742127316829 -50.908164978027344 2102
1742127319534 -35.400054931640625 2103
1742127322195 -63.9566764831543 2104
1742127325104 -58.47019958496094 2105
1742127327873 -52.109527587890625 2106
1742127330686 -51.632774353027344 2107
1742127333499 -71.74317932128906 2108
1742127336324 -55.87311553955078 2109
1742127339134 -46.98106002807617 2110
1742127344588 -65.89041900634766 2112
1742127347691 -33.344871520996094 2113
1742127350471 -67.73412322998047 2114
1742127355947 -57.96722412109375 2116
1742127358777 -60.97849655151367 2117
1742127361432 -62.50101852416992 2118
1742127364103 -48.17736053466797 2119
1742127366866 -54.2020263671875 2120
1742127369516 -67.33635711669922 2121
1742127372151 -58.482887268066406 2122
1742127374802 -71.36840057373047 2123
1742127377734 -37.085697174072266 2124
1742127380380 -61.233097076416016 2125
1742127385853 -57.48744201660156 2127
1742127388799 -54.38824462890625 2128
1742127391581 -49.98518753051758 2129
1742127394273 -53.49869918823242 2130
1742127399905 -53.68972396850586 2132
1742127402607 -47.89178466796875 2133
1742127405279 -58.95246887207031 2134
1742127408107 -64.17853546142578 2135
1742127411119 -25.16512680053711 2136
1742127413809 -74.95301055908203 2137
1742127419266 -55.799190521240234 2139
1742127421993 -52.125221252441406 2140
1742127430003 -57.712554931640625 2143
1742127432738 -66.94051361083984 2144
1742127438035 -42.87409591674805 2146
1742127440920 -41.039493560791016 2147
1742127443625 -46.987632751464844 2148
1742127448865 -55.744171142578125 2150
1742127451829 -65.3016586303711 2151
1742127459988 -57.456966400146484 2154
1742127462798 -54.87432861328125 2155
1742127471234 -48.3646125793457 2158
1742127479317 -55.6639404296875 2161
1742127482466 -61.63566589355469 2162
1742127490390 -65.17848205566406 2165
1742127493425 -44.48688888549805 2166
1742127501496 -51.92584991455078 2169
1742127504552 -34.35578155517578 2170
1742127509891 -71.49052429199219 2172
1742127512696 -50.903106689453125 2173
1742127515445 -48.90501403808594 2174
1742127520720 -48.17456817626953 2176
1742127523615 -52.451995849609375 2177
1742127526363 -59.92148971557617 2178
1742127531758 -72.16344451904297 2180
1742127534795 -52.9849739074707 2181
1742127542904 -55.3301887512207 2184
1742127545730 -59.267913818359375 2185
1742127550962 -62.813846588134766 2187
1742127554107 -50.84505844116211 2188
1742127562410 -44.891746520996094 2191
1742127565356 -59.2225227355957 2192
1742127573521 -51.746707916259766 2195
1742127576375 -57.468162536621094 2196
1742127584412 -52.68014144897461 2199
1742127587169 -53.786155700683594 2200
1742127595180 -62.07320785522461 2203
1742127597960 -55.438018798828125 2204
1742127603308 -62.637908935546875 2206
1742127606261 -57.455169677734375 2207
1742127614539 -43.95296096801758 2210
1742127617685 -36.400672912597656 2211
1742127620500 -10.877145767211914 2212
1742127623229 -75.19696807861328 2213
1742127625912 -65.87308502197266 2214
1742127628683 -48.74769973754883 2215
1742127631361 -55.35909652709961 2216
1742127634144 -24.10080337524414 2217
1742127637191 -25.55209732055664 2218
1742127639883 -52.44889831542969 2219
1742127645188 -41.077842712402344 2221
1742127648071 -59.729061126708984 2222
1742127650758 -43.19384765625 2223
1742127653449 -74.10690307617188 2224
1742127658993 -41.910133361816406 2226
1742127661697 -65.57496643066406 2227
1742127664574 -35.16038131713867 2228
1742127667349 -60.885459899902344 2229
1742127672753 -74.52336120605469 2231
1742127675649 -46.28197479248047 2232
1742127678514 -65.43275451660156 2233
1742127684007 -56.74617004394531 2235
1742127686805 -37.25970458984375 2236
1742127689492 -73.33953857421875 2237
1742127694765 -71.31365203857422 2239
1742127697573 -43.253116607666016 2240
1742127705675 -34.00160217285156 2243
1742127708561 -51.11044692993164 2244
1742127716743 -56.65297317504883 2247
1742127719490 -28.224258422851562 2248
1742127724771 -51.307044982910156 2250
1742127727685 -56.97300338745117 2251
1742127730429 -49.15666961669922 2252
1742127735906 -48.04144287109375 2254
1742127738804 -33.578155517578125 2255
1742127741556 -55.5436897277832 2256
1742127747072 -57.219112396240234 2258
1742127749927 -48.14665222167969 2259
1742127758421 -35.62434768676758 2262
1742127761321 -56.369361877441406 2263
1742127766624 -64.00733184814453 2265
1742127769621 -55.509456634521484 2266
1742127772380 -45.22084045410156 2267
1742127777914 -51.59489440917969 2269
1742127780699 -54.04136276245117 2270
1742127783419 -73.71260070800781 2271
1742127788955 -61.96672439575195 2273
1742127791688 -55.70196533203125 2274
1742127797108 -77.93665313720703 2276
1742127799969 -42.1321907043457 2277
1742127802742 -46.90571212768555 2278
1742127808166 -21.67604637145996 2280
1742127811020 -54.16038131713867 2281
1742127813715 -68.15275573730469 2282
1742127819039 -56.427799224853516 2284
1742127821886 -40.134178161621094 2285
1742127824647 -21.295503616333008 2286
1742127827282 -53.70237350463867 2287
1742127830234 -62.54651641845703 2288
1742127833052 -67.96568298339844 2289
1742127838445 -54.35435104370117 2291
1742127841242 -57.286376953125 2292
1742127844008 -56.558319091796875 2293
1742127849318 -44.207454681396484 2295
1742127852097 -68.55523681640625 2296
1742127854883 -58.45391845703125 2297
1742127860363 -68.99085235595703 2299
1742127865832 -30.31851596685858 2301
1742127868492 -74.45804595947266 2302
1742127871389 -39.297847747802734 2303
1742127874060 -64.55220794677734 2304
1742127876818 -20.728975296020508 2305
1742127879498 -49.94491958618164 2306
1742127882288 -60.51591491699219 2307
1742127885017 -56.39244079589844 2308
1742127890496 -35.05533089876258 2310
1742127893332 7.925205230712891 2311
1742127896142 -56.22148132324219 2312
1742127898847 -21.973033905029297 2313
1742127901734 -24.123056411743164 2314
1742127904520 -66.30197143554688 2315
1742127910071 -48.61260223388672 2317
1742127912984 -59.537811279296875 2318
1742127915838 -53.92561340332031 2319
1742127921151 -73.83607482910156 2321
1742127923929 -65.14624786376953 2322
1742127926710 -56.9687614440918 2323
1742127932120 -58.61644744873047 2325
1742127934915 -57.20266342163086 2326
1742127937780 -27.771028518676758 2327
1742127943292 -49.25516891479492 2329
1742127946119 -56.559242248535156 2330
1742127948789 -54.226932525634766 2331
1742127951469 -45.190608978271484 2332
1742127954472 -37.35547637939453 2333
1742127959979 -37.68523025512695 2335
1742127962726 -66.26952362060547 2336
1742127965607 -67.3054428100586 2337
1742127970893 -50.577857971191406 2339
1742127973781 -32.903133392333984 2340
1742127976550 -51.48595428466797 2341
1742127979176 -53.39476776123047 2342
1742127984849 -58.850738525390625 2344
1742127987546 -48.601707458496094 2345
1742127990141 -51.235477447509766 2346
1742127995767 -50.75464630126953 2348
1742128000965 -46.35991287231445 2350
1742128003761 -55.27494430541992 2351
1742128006920 -39.93012237548828 2352
1742128015339 -56.55680465698242 2355
1742128018150 -79.65194702148438 2356
1742128026586 -60.02284956915726 2359
1742128034757 -69.94522094726562 2362
1742128037743 -56.14473150270493 2363
1742128045787 -53.766170501708984 2366
1742128048609 -51.992225646972656 2367
1742128056786 -60.90150833129883 2370
1742128059525 -45.36920928955078 2371
1742128064964 -73.14430236816406 2373
1742128067905 -67.33401489257812 2374
1742128076114 -57.83695983886719 2377
1742128079088 -40.38754653930664 2378
1742128084661 -41.52180849765955 2380
1742128087357 -61.97455978393555 2381
1742128090139 -48.38206481933594 2382
1742128095547 -66.41152954101562 2384
1742128098207 -52.913246154785156 2385
1742128100949 -65.4360580444336 2386
1742128103582 -52.36113739013672 2387
1742128106319 -54.604698181152344 2388
1742128111644 -77.43218994140625 2390
1742128114336 -51.703651428222656 2391
1742128117095 -60.2804069519043 2392
1742128119773 -57.17936325073242 2393
1742128122658 -31.68558120727539 2394
1742128125655 -51.31376647949219 2395
1742128128493 9.860405921936035 2396
1742128131295 -65.80606842041016 2397
1742128134085 -64.98695373535156 2398
1742128137006 -44.561126708984375 2399
1742128142452 -70.70606231689453 2401
1742128145431 -50.867454528808594 2402
1742128148197 -70.78746032714844 2403
1742128153628 -55.60907745361328 2405
1742128156728 -53.681976318359375 2406
1742128162206 -52.802337646484375 2408
1742128165016 -67.22806549072266 2409
1742128168005 -56.68378829956055 2410
1742128173489 -55.6358642578125 2412
1742128176298 -87.4525153606808 2413
1742128179303 -56.929813385009766 2414
1742128184891 -62.109031677246094 2416
1742128190690 -59.66400146484375 2418
1742128196352 -53.2340202331543 2420
1742128199244 -50.47205352783203 2421
1742128202144 -58.73502731323242 2422
1742128204900 -58.7407112121582 2423
1742128207735 -55.059043884277344 2424
1742128210635 -29.19769287109375 2425
1742128213440 -25.91575050354004 2426
1742128216287 -74.28266906738281 2427
1742128219085 -21.098548889160156 2428
1742128221865 -64.25379180908203 2429
1742128224657 -52.69282531738281 2430
1742128227627 -49.03961181640625 2431
1742128233156 -68.32366943359375 2433
1742128236139 -64.48946380615234 2434
1742128239086 -62.34498596191406 2435
1742128241912 -65.97624206542969 2436
1742128247795 -27.474699020385742 2438
1742128250859 -35.06354522705078 2439
1742128253758 -60.066253662109375 2440
1742128256678 -53.494388580322266 2441
1742128262453 -30.173086166381836 2443
1742128265214 -47.60721206665039 2444
1742128268109 -74.39754486083984 2445
1742128273705 -55.55842971801758 2447
1742128276509 -57.2709846496582 2448
1742128282125 -49.361576080322266 2450
1742128284906 -63.202362060546875 2451
1742128287854 -57.37868881225586 2452
1742128293378 -62.204689025878906 2454
1742128296302 -52.42951965332031 2455
1742128299374 -43.15974807739258 2456
1742128302248 -59.671207427978516 2457
1742128307919 -56.89250509011409 2459
1742128310705 -48.8740119934082 2460
1742128313667 -25.562835693359375 2461
1742128319430 -53.80644629341791 2463
1742128322273 -61.85447311401367 2464
1742128327802 -51.44455337524414 2466
1742128330769 -69.54376983642578 2467
1742128333947 -46.45703125 2468
1742128339736 -58.34907150268555 2470
1742128345573 -52.01726150512695 2472
1742128351355 -39.61951446533203 2474
1742128354376 -32.76780700683594 2475
1742128357206 -64.158447265625 2476
1742128362862 -51.679832458496094 2478
1742128365765 -69.7013931274414 2479
1742128368533 -71.286376953125 2480
1742128374175 -47.017765045166016 2482
1742128377101 -48.868568420410156 2483
1742128379881 -50.233673095703125 2484
1742128382651 -57.23866653442383 2485
1742128385557 -49.889339447021484 2486
1742128388280 -74.42605590820312 2487
1742128393832 -45.793670654296875 2489
1742128396969 -28.3470401763916 2490
1742128399750 -71.48282623291016 2491
1742128405524 -73.00468444824219 2493
1742128408499 -42.128944396972656 2494
1742128411268 -47.6458625793457 2495
1742128416938 -61.725250244140625 2497
1742128419826 -75.23607635498047 2498
1742128422565 -43.65760040283203 2499
1742128425467 -55.848609924316406 2500
1742128428367 -58.59453201293945 2501
1742128436665 -61.42919921875 2504
1742128439522 -57.38197326660156 2505
1742128447816 -60.30858612060547 2508
1742128456044 -55.409690856933594 2511
1742128459195 -58.27727508544922 2512
1742128467695 -55.334747314453125 2515
1742128470789 -57.11256790161133 2516
1742128479582 -54.688934326171875 2519
1742128491114 -70.2736587524414 2523
1742128499236 -64.28368377685547 2526
1742128502403 -47.56415939331055 2527
1742128510686 -49.06977081298828 2530
1742128513704 -64.9107894897461 2531
1742128522080 -57.534889221191406 2534
1742128524875 -62.09034729003906 2535
1742128530214 -47.657230377197266 2537
1742128533200 -56.289791107177734 2538
1742128535921 -51.33921432495117 2539
1742128541346 -48.94166564941406 2541
1742128544494 -32.29246520996094 2542
1742128547340 -73.22393798828125 2543
1742128553061 -65.02825927734375 2545
1742128556231 -25.674828150562156 2546
1742128561756 -54.00446701049805 2548
1742128564614 -63.95025634765625 2549
1742128567536 -49.160789489746094 2550
1742128570290 -3.441678524017334 2551
1742128573168 -64.78643035888672 2552
1742128576012 -56.40586853027344 2553
1742128578898 -63.48849105834961 2554
1742128581716 -59.79416275024414 2555
1742128584679 -35.542720794677734 2556
1742128587585 -60.97093963623047 2557
1742128590525 -57.263126373291016 2558
1742128593506 -49.97148895263672 2559
1742128596532 -54.2634162902832 2560
1742128599341 -66.64089965820312 2561
1742128602187 -76.23841857910156 2562
1742128605218 -57.33506393432617 2563
1742128610897 -69.4347152709961 2565
1742128613723 -72.03965759277344 2566
1742128616716 -60.01053237915039 2567
1742128622198 -75.1231689453125 2569
1742128625187 -60.097835540771484 2570
1742128633766 -53.68309020996094 2573
1742128637030 -47.090232849121094 2574
1742128645339 -43.0754280090332 2577
1742128648379 -55.4907112121582 2578
1742128656722 -63.96303176879883 2581
1742128659860 -65.28858947753906 2582
1742128668629 -53.90437698364258 2585
1742128680036 -55.6120491027832 2589
1742128688147 -50.169403076171875 2592
1742128691167 -67.52872467041016 2593
1742128696686 -23.361557006835938 2595
1742128699630 -55.028934478759766 2596
1742128702386 -56.675933837890625 2597
1742128707840 -52.51336669921875 2599
1742128710880 -41.98729705810547 2600
1742128719101 -50.1973876953125 2603
1742128721963 -59.550209045410156 2604
1742128727355 -52.488773345947266 2606
1742128730337 -45.34313201904297 2607
1742128733315 -44.02927780151367 2608
1742128738772 -49.286163330078125 2610
1742128741589 -62.656002044677734 2611
1742128744442 -40.78682327270508 2612
1742128749885 -58.960365295410156 2614
1742128752953 -45.523780822753906 2615
1742128755701 -67.88969421386719 2616
1742128761262 -49.65351104736328 2618
1742128764095 -52.6918830871582 2619
1742128766774 -47.87771987915039 2620
1742128769464 -21.567726135253906 2621
1742128772301 -52.85231018066406 2622
1742128775212 -35.41312789916992 2623
1742128777971 -58.688201904296875 2624
1742128780848 -52.89216232299805 2625
1742128783656 -64.36737823486328 2626
1742128786511 -28.33422088623047 2627
1742128789327 -55.79551696777344 2628
1742128792198 -52.984222412109375 2629
1742128794977 -44.4402961730957 2630
1742128797754 -56.88241958618164 2631
1742128800516 -66.89630889892578 2632
1742128803426 -17.278045654296875 2633
1742128806176 -44.45101547241211 2634
1742128808987 -55.5157470703125 2635
1742128811838 -66.17926025390625 2636
1742128814688 -51.976341247558594 2637
1742128820274 -69.09156036376953 2639
1742128823190 -51.73250198364258 2640
1742128826002 -67.98310852050781 2641
1742128831593 -57.767669677734375 2643
1742128834523 -46.293819427490234 2644
1742128837272 -49.747459411621094 2645
1742128843037 -52.116703033447266 2647
1742128845822 -43.53003692626953 2648
1742128851289 -53.58457946777344 2650
1742128854255 -56.53584671020508 2651
1742128857053 -55.77412796020508 2652
1742128862530 -47.058589935302734 2654
1742128865424 -64.40291595458984 2655
1742128868130 -63.183372497558594 2656
1742128873678 -49.288177490234375 2658
1742128876631 -57.05538558959961 2659
1742128885082 -64.75723266601562 2662
1742128887910 -72.20500183105469 2663
1742128893419 -65.88431549072266 2665
1742128896346 -51.92803955078125 2666
1742128899125 -62.52162551879883 2667
1742128904702 -52.50213623046875 2669
1742128907613 -61.464725494384766 2670
1742128910376 -78.44645690917969 2671
1742128916002 -59.42095947265625 2673
1742128918763 -51.16683578491211 2674
1742128921607 -60.25536346435547 2675
1742128927362 -61.8548583984375 2677
1742128930190 -74.90234375 2678
1742128935986 -52.850067138671875 2680
1742128938786 -69.86835479736328 2681
1742128941767 -35.56986999511719 2682
1742128947394 -61.54055404663086 2684
1742128952903 -59.672149658203125 2686
1742128958494 -53.889739990234375 2688
1742128964148 -40.13362121582031 2690
1742128966892 -65.40033721923828 2691
1742128969735 -54.30964660644531 2692
1742128972496 -24.638851165771484 2693
1742128975278 -87.56901550292969 2694
1742128978097 -52.753662109375 2695
1742128983699 -57.31570053100586 2697
1742128986565 -56.17218017578125 2698
1742128989356 -51.35588836669922 2699
1742128995015 -58.80442428588867 2701
1742128997865 -52.021846771240234 2702
1742129000744 -62.89520263671875 2703
1742129003589 -47.75979232788086 2704
1742129006697 -38.22908020019531 2705
1742129009598 -30.215200424194336 2706
1742129014915 -65.92384338378906 2708
1742129017727 -65.14920806884766 2709
1742129020569 -47.47757339477539 2710
1742129026048 -52.4830322265625 2712
1742129028911 -59.18159866333008 2713
1742129037251 -39.62684631347656 2716
1742129040395 -68.58051300048828 2717
1742129048555 -55.122928619384766 2720
1742129051377 -42.22552490234375 2721
1742129056828 -74.1038589477539 2723
1742129059928 -38.98794174194336 2724
1742129062719 -49.58054733276367 2725
1742129068257 -48.46830368041992 2727
1742129071182 -55.82548141479492 2728
1742129073917 -68.07555389404297 2729
1742129079442 -68.16539001464844 2731
1742129082246 -62.581729888916016 2732
1742129084989 -50.465476989746094 2733
1742129090719 -51.47866439819336 2735
1742129096208 -66.0816421508789 2737
1742129099100 -55.071800231933594 2738
1742129102118 -64.35649108886719 2739
1742129107698 -43.92144775390625 2741
1742129110641 -45.874603271484375 2742
1742129113492 -53.02251052856445 2743
1742129116227 -73.67036437988281 2744
1742129119019 6.874504566192627 2745
1742129121867 -62.69983766085166 2746
1742129124765 -46.02006149291992 2747
1742129130300 -59.564788818359375 2749
1742129133169 -47.64004135131836 2750
1742129135983 -55.23193359375 2751
1742129138762 -53.71393585205078 2752
1742129141821 -27.132131576538086 2753
1742129144722 -72.80241394042969 2754
1742129150326 -60.305076599121094 2756
1742129153309 -29.156633377075195 2757
1742129156344 -36.90951510048256 2758
1742129161982 -67.25117492675781 2760
1742129164835 -55.36167928094185 2761
1742129167652 -64.28494262695312 2762
1742129170325 -70.52225494384766 2763
1742129173144 -60.11335754394531 2764
1742129175993 -51.04893493652344 2765
1742129178747 -74.16160583496094 2766
1742129181511 -54.50584030151367 2767
1742129184325 -50.144832611083984 2768
1742129187280 -42.8401985168457 2769
1742129190069 -46.506263732910156 2770
1742129192802 -51.530487060546875 2771
1742129195740 -61.36430740356445 2772
1742129198626 -59.58100509643555 2773
1742129204129 -61.492366790771484 2775
1742129207058 -58.485469818115234 2776
1742129209844 -65.36300659179688 2777
1742129212770 -24.90178045636421 2778
1742129215512 -69.13420104980469 2779
1742129218431 -56.58111087251899 2780
1742129223864 -53.4931640625 2782
1742129226579 -53.9940299987793 2783
1742129229568 -35.5556755065918 2784
1742129232319 -64.89360046386719 2785
1742129235009 -44.36286544799805 2786
1742129238026 -39.38053411891218 2787
1742129243586 -60.9824333190918 2789
1742129246377 -47.005470275878906 2790
1742129249358 -56.937801361083984 2791
1742129252108 -71.16568756103516 2792
1742129257666 -48.9444580078125 2794
1742129260741 -49.655966257449535 2795
1742129263491 -71.27455139160156 2796
1742129266213 -51.1367073059082 2797
1742129268872 -59.784881591796875 2798
1742129271833 -24.897151947021484 2799
1742129274584 -59.830448150634766 2800
1742129277286 -52.52357482910156 2801
1742129280200 -36.73197224282489 2802
1742129282967 -60.685218811035156 2803
1742129285722 -54.9443359375 2804
1742129288495 -66.20069122314453 2805
1742129291431 -54.87094497680664 2806
1742129294293 -54.74469757080078 2807
1742129297101 -58.17430114746094 2808
1742129300025 -67.8233642578125 2809
1742129302874 -81.3714599609375 2810
1742129305832 -60.955448150634766 2811
1742129308692 -48.820613861083984 2812
1742129311503 -57.39353942871094 2813
1742129314296 -52.573875427246094 2814
1742129317147 -51.635406494140625 2815
1742129320077 -33.426124572753906 2816
1742129325732 -55.12059783935547 2818
1742129328550 -62.43601989746094 2819
1742129331411 -44.621856689453125 2820
1742129337041 -46.34040832519531 2822
1742129340098 -22.292156219482422 2823
1742129343083 -29.45153045654297 2824
1742129346044 -50.321327209472656 2825
1742129351817 -61.98292541503906 2827
1742129354729 -59.32958221435547 2828
1742129357727 -48.05323791503906 2829
1742129363576 -51.68681716918945 2831
1742129369065 -46.721309661865234 2833
1742129371721 -59.82518768310547 2834
1742129374615 -54.16915512084961 2835
1742129377477 -24.88912582397461 2836
1742129380290 -48.23591232299805 2837
1742129383085 -45.17455044338524 2838
1742129385970 -50.16159439086914 2839
1742129388819 -48.89409637451172 2840
1742129391723 -26.35456259902075 2841
1742129394587 -57.324459075927734 2842
1742129397475 -53.4672966003418 2843
1742129402886 -66.70759582519531 2845
1742129405718 -54.6065673828125 2846
1742129408646 -28.075212478637695 2847
1742129411369 -51.87422180175781 2848
1742129414137 -56.07892608642578 2849
1742129416929 -56.58679962158203 2850
1742129419792 -71.18997192382812 2851
1742129422644 -23.639122009277344 2852
1742129425557 -67.96934509277344 2853
1742129428412 -70.64563751220703 2854
1742129433892 -55.537479400634766 2856
1742129436814 -67.44357299804688 2857
1742129439693 -59.523643493652344 2858
1742129445318 -71.06640625 2860
1742129448151 -55.68954086303711 2861
1742129451036 -60.041725158691406 2862
1742129456706 -59.80478286743164 2864
1742129459675 -54.28843307495117 2865
1742129462440 -61.23743438720703 2866
1742129468144 -55.89234924316406 2868
1742129471141 -38.28498077392578 2869
1742129476680 -56.36824417114258 2871
1742129479553 -51.76237487792969 2872
1742129482442 -59.395137786865234 2873
1742129487825 -74.74948120117188 2875
1742129490651 -67.58734130859375 2876
1742129493493 -61.860904693603516 2877
1742129499039 -55.79159164428711 2879
1742129501771 -63.878902435302734 2880
1742129504504 -72.14996337890625 2881
1742129507286 -6.9014434814453125 2882
1742129510231 -58.46395492553711 2883
1742129515565 -57.50545883178711 2885
1742129518277 -57.61785125732422 2886
1742129521162 -56.13169594500613 2887
1742129526565 -66.36553955078125 2889
1742129529414 -62.20620346069336 2890
1742129537487 -62.94993591308594 2893
1742129540398 -53.3603401184082 2894
1742129545750 -67.9099349975586 2896
1742129548557 -48.08125305175781 2897
1742129551525 -56.42694091796875 2898
1742129557070 -70.4315185546875 2900
1742129559823 -60.46796798706055 2901
1742129562653 -53.886844635009766 2902
1742129567956 -53.45541000366211 2904
1742129570717 -65.6496353149414 2905
1742129573470 -51.868919372558594 2906
1742129576086 -44.515628814697266 2907
1742129579024 -35.54509735107422 2908
1742129581909 -49.498531341552734 2909
1742129587398 -47.52631378173828 2911
1742129590138 -67.7414779663086 2912
1742129593177 -48.85329055786133 2913
1742129596050 -21.335603713989258 2914
1742129601692 -60.19597244262695 2916
1742129604504 -47.340511322021484 2917
1742129607308 -68.30635070800781 2918
1742129612869 -58.53953552246094 2920
1742129615709 -77.2710952758789 2921
1742129624334 -62.512062072753906 2924
1742129627080 -23.58556365966797 2925
1742129632501 -60.94745635986328 2927
1742129635733 -39.38942337036133 2928
1742129643956 -64.47413635253906 2931
1742129646916 -66.15042114257812 2932
1742129655339 -34.14323458678702 2935
1742129658247 -46.775657653808594 2936
1742129663525 -57.79228973388672 2938
1742129666505 -57.500545501708984 2939
1742129669259 -26.365993070583098 2940
1742129674795 -62.94049835205078 2942
1742129677667 -65.19253540039062 2943
1742129680646 -46.69342803955078 2944
1742129686258 -43.315391540527344 2946
1742129689026 -51.092437744140625 2947
1742129691926 -48.415069580078125 2948
1742129694990 -34.28728103637695 2949
1742129700578 -53.193946838378906 2951
1742129703702 -56.816951751708984 2952
1742129706581 -21.809925079345703 2953
1742129712279 -53.77859878540039 2955
1742129715407 -22.232471466064453 2956
1742129718277 -57.41638537107081 2957
1742129724060 -63.2916145324707 2959
1742129726832 -76.67317199707031 2960
1742129732403 -64.73780822753906 2962
1742129735342 -59.10245132446289 2963
1742129738326 -58.805580139160156 2964
1742129744131 -55.065887451171875 2966
1742129749796 -58.655181884765625 2968
1742129755466 -57.435333251953125 2970
1742129761044 -60.506587982177734 2972
1742129763792 -48.33831024169922 2973
1742129766663 -49.09931945800781 2974
1742129769428 -58.379669189453125 2975
1742129772135 -45.08110046386719 2976
1742129774918 -56.07072448730469 2977
1742129777658 -64.26631164550781 2978
1742129780364 -56.69602966308594 2979
1742129783100 -60.05040740966797 2980
1742129786047 -49.352622985839844 2981
1742129788849 -58.06446838378906 2982
1742129791630 -57.99454879760742 2983
1742129794501 -67.33892822265625 2984
1742129797341 -68.56971740722656 2985
1742129800096 -43.899513244628906 2986
1742129805863 -47.673285824397645 2988
1742129808722 -75.48728942871094 2989
1742129811469 -44.520416259765625 2990
1742129814273 -63.517372131347656 2991
1742129817195 -54.5001220703125 2992
1742129819942 -63.033992767333984 2993
1742129822749 -63.67182922363281 2994
1742129825672 -57.642494201660156 2995
1742129828695 -10.934000968933105 2996
1742129831453 -76.47260284423828 2997
1742129834198 -63.61604690551758 2998
1742129836906 -53.83374786376953 2999
1742129839763 -55.64879608154297 3000
1742129845061 -59.194210052490234 3002
1742129847994 -56.43117141723633 3003
1742129850696 -46.41756057739258 3004
1742129853457 -52.44696044921875 3005
1742129859106 -64.15673828125 3007
1742129861846 -61.15254592895508 3008
1742129864582 -51.52987289428711 3009
1742129867257 -61.243865966796875 3010
1742129870098 -61.673828125 3011
1742129872772 -65.30918884277344 3012
1742129875510 -73.30613708496094 3013
1742129878344 -57.335628509521484 3014
1742129884047 -50.329227447509766 3016
1742129889814 -53.57154846191406 3018
1742129892840 -30.57425880432129 3019
1742129895711 9.852745056152344 3020
1742129898450 -43.79950714111328 3021
1742129901386 -53.615379333496094 3022
1742129904288 -41.1993522644043 3023
1742129909790 -53.95342254638672 3025
1742129912627 -58.83566665649414 3026
1742129915661 -65.55284118652344 3027
1742129921132 -54.279571533203125 3029
1742129923944 -68.20880126953125 3030
1742129926783 -56.26190948486328 3031
1742129929502 -52.96379852294922 3032
1742129934994 -56.38690843763306 3034
1742129937880 -20.810012817382812 3035
1742129940590 -53.69892120361328 3036
1742129943386 -71.18182373046875 3037
1742129946081 -55.068695068359375 3038
1742129948880 -55.56390380859375 3039
1742129951641 -72.29972076416016 3040
1742129954493 -49.86824035644531 3041
1742129957360 -63.77949523925781 3042
1742129960041 -54.3037109375 3043
1742129962880 -55.09407424926758 3044
1742129965689 -61.273033142089844 3045
1742129968572 -64.0916519165039 3046
1742129971323 -42.02644729614258 3047
1742129974119 -50.145957946777344 3048
1742129977012 -48.09575653076172 3049
1742129979791 -49.93360900878906 3050
1742129982565 -58.814727783203125 3051
1742129985338 -52.365962982177734 3052
1742129988235 -63.38009262084961 3053
1742129991046 -59.93799591064453 3054
1742129993875 -54.434776306152344 3055
1742129996683 -72.16307830810547 3056
1742129999719 -33.40126037597656 3057
1742130002726 -36.23286056518555 3058
1742130005502 -66.72455596923828 3059
1742130011077 -59.19024658203125 3061
1742130013946 -55.329124450683594 3062
1742130016778 -28.39850425720215 3063
1742130019605 -50.5673828125 3064
1742130022425 -53.44480895996094 3065
1742130027960 -52.457454681396484 3067
1742130030823 -54.60744094848633 3068
1742130033547 -54.29341125488281 3069
1742130038782 -47.36006164550781 3071
1742130041580 -59.228179931640625 3072
1742130044388 -49.056461334228516 3073
1742130047018 -48.88095474243164 3074
1742130049857 -23.010597229003906 3075
1742130052788 -53.65000915527344 3076
1742130058222 -57.38400650024414 3078
1742130060985 -50.74897003173828 3079
1742130063927 -58.91035461425781 3080
1742130069272 -62.16448974609375 3082
1742130074995 -63.75144577026367 3084
1742130080532 -56.94327926635742 3086
1742130086215 -56.17129898071289 3088
1742130088906 -57.2198600769043 3089
1742130091667 -62.642852783203125 3090
1742130094417 -28.56928253173828 3091
1742130097481 -38.76328659057617 3092
1742130100289 -41.08536148071289 3093
1742130103144 -62.46586608886719 3094
1742130106183 -40.63411331176758 3095
1742130109118 -63.28693389892578 3096
1742130111870 -50.409202575683594 3097
1742130117559 -45.69178771972656 3099
1742130120401 -60.76554870605469 3100
1742130123156 -84.60665893554688 3101
1742130128793 -56.52549743652344 3103
1742130131770 -63.092140197753906 3104
1742130134566 -54.48245620727539 3105
1742130140325 -53.908721923828125 3107
1742130145848 -64.973388671875 3109
1742130148689 -51.021812438964844 3110
1742130151622 -56.326358795166016 3111
1742130154420 -65.02554321289062 3112
1742130160040 -57.33518981933594 3114
1742130162962 -47.98731231689453 3115
1742130165739 -53.26417541503906 3116
1742130171432 -50.35519790649414 3118
1742130174214 -63.31178665161133 3119
1742130177011 -56.02201461791992 3120
1742130179623 -78.91150665283203 3121
1742130182780 -24.87557029724121 3122
1742130185749 -58.08392333984375 3123
1742130191255 -53.11294937133789 3125
1742130194262 -51.57576370239258 3126
1742130197240 -55.251808166503906 3127
1742130202989 -66.79107666015625 3129
1742130205843 -70.52814483642578 3130
1742130208613 -61.714508056640625 3131
1742130214159 -61.6342658996582 3133
1742130217010 -76.05134582519531 3134
1742130222498 -48.713661193847656 3136
1742130225699 -51.579654693603516 3137
1742130228420 -61.76810073852539 3138
1742130234019 -55.6318473815918 3140
1742130236937 -52.469154357910156 3141
1742130239618 -66.16923522949219 3142
1742130242390 9.841694831848145 3143
1742130245354 -63.22004699707031 3144
1742130248186 -45.56717300415039 3145
1742130251011 -3.1075048446655273 3146
1742130253940 -48.9951171875 3147
1742130256730 -74.23686981201172 3148
1742130262053 -70.40128326416016 3150
1742130265162 -45.52328872680664 3151
1742130273171 -63.480125427246094 3154
1742130276442 -24.56378173828125 3155
1742130284488 -55.06050109863281 3158
1742130287545 -61.007659912109375 3159
1742130295960 -60.646087646484375 3162
1742130298721 -62.17741012573242 3163
1742130303992 -41.610469818115234 3165
1742130306878 -51.652626037597656 3166
1742130315296 -51.43196105957031 3169
1742130318435 -65.33917236328125 3170
1742130323954 -57.95964431762695 3172
1742130326832 -52.691097259521484 3173
1742130329810 -54.797325134277344 3174
1742130335228 -87.45116424560547 3176
1742130338087 -62.80055236816406 3177
1742130340918 -52.22748565673828 3178
1742130343621 -8.217401504516602 3179
1742130346389 -61.52674102783203 3180
1742130349166 -56.50385665893555 3181
1742130352018 -61.13529968261719 3182
1742130354796 -62.71866989135742 3183
1742130357753 -31.623559110884866 3184
1742130360464 -51.696346282958984 3185
1742130363193 -68.1714859008789 3186
1742130365933 -65.40614318847656 3187
1742130368668 -46.687862396240234 3188
1742130371506 -59.94569396972656 3189
1742130377115 -47.0136833190918 3191
1742130382560 -62.92857360839844 3193
1742130388166 -53.7352294921875 3195
1742130393736 -53.412227630615234 3197
1742130396636 -57.73788833618164 3198
1742130399579 -21.30847930908203 3199
1742130405094 -56.90673828125 3201
1742130408028 -54.69635009765625 3202
1742130410880 -60.65074157714844 3203
1742130413775 -58.10081100463867 3204
1742130417008 -29.312728881835938 3205
1742130422654 -48.13737487792969 3207
1742130425484 -75.25164794921875 3208
1742130428673 -44.44378662109375 3209
1742130431506 9.870096206665039 3210
1742130436981 -59.66563415527344 3212
1742130439769 -62.96052169799805 3213
1742130445205 -68.3287582397461 3215
1742130448239 -45.93025588989258 3216
1742130450880 -59.794429779052734 3217
1742130456301 -73.92375183105469 3219
1742130459193 -65.22650146484375 3220
1742130461808 -55.789207458496094 3221
1742130464437 -53.262725830078125 3222
1742130470045 -63.51652145385742 3224
1742130472754 -70.17411804199219 3225
1742130475560 -66.73026275634766 3226
1742130478448 -63.67024612426758 3227
1742130481305 -72.41675567626953 3228
1742130484121 -42.980499267578125 3229
1742130486887 -48.363582611083984 3230
1742130489733 -54.901611328125 3231
1742130492546 9.867836952209473 3232
1742130495384 -49.57809066772461 3233
1742130498064 -71.87845611572266 3234
1742130501149 -36.545230865478516 3235
1742130503904 9.872186660766602 3236
1742130506747 -50.89262390136719 3237
1742130509538 -68.44976806640625 3238
1742130512305 -26.65353012084961 3239
1742130517976 -34.9083366394043 3241
1742130520775 -65.97663879394531 3242
1742130523532 -50.938262939453125 3243
1742130526197 -56.9642333984375 3244
1742130528951 -62.418853759765625 3245
1742130531736 -53.43768310546875 3246
1742130534434 -69.36526489257812 3247
1742130537165 -51.293521881103516 3248
1742130539995 -56.273223876953125 3249
1742130542815 -1.0253443717956543 3250
1742130545539 -55.05096435546875 3251
1742130551165 -49.11295700073242 3253
1742130554129 -11.528945327465877 3254
1742130556890 -49.80760955810547 3255
1742130559700 -60.894989013671875 3256
1742130562367 -69.1233139038086 3257
1742130565210 -55.11372375488281 3258
1742130567896 -72.79105377197266 3259
1742130570676 -70.28968811035156 3260
1742130573368 -62.291664123535156 3261
1742130576216 -70.30567169189453 3262
1742130579214 -35.51651382446289 3263
1742130584802 -55.67911911010742 3265
1742130587671 -52.1138801574707 3266
1742130590592 -57.19039535522461 3267
1742130596007 -73.76969909667969 3269
1742130598890 -56.796417236328125 3270
1742130601666 -54.80262756347656 3271
1742130607097 -73.88763427734375 3273
1742130610062 -56.24018859863281 3274
1742130615300 -65.8255615234375 3276
1742130618123 -63.30625915527344 3277
1742130621293 -33.34264373779297 3278
1742130626763 -50.693172454833984 3280
1742130629527 -61.18723678588867 3281
1742130632579 -39.14134216308594 3282
1742130638080 -31.193572998046875 3284
1742130640984 -50.87778854370117 3285
1742130643837 -83.86071014404297 3286
1742130649271 -63.29029846191406 3288
1742130652213 -59.4145393371582 3289
1742130654994 -65.25235748291016 3290
1742130660474 -58.11332934196903 3292
1742130663397 -56.822715759277344 3293
1742130666200 -54.1749267578125 3294
1742130668872 -60.066078186035156 3295
1742130671844 -58.62010192871094 3296
1742130674657 -46.27711486816406 3297
1742130680186 -48.874595642089844 3299
1742130683053 -51.59046936035156 3300
1742130685883 -69.35750579833984 3301
1742130691469 -42.68444061279297 3303
1742130694253 5.696261000003192 3304
1742130696996 -60.390594482421875 3305
1742130702355 -75.78033447265625 3307
1742130705069 -63.15580368041992 3308
1742130707937 -29.794631958007812 3309
1742130710740 -69.65478515625 3310
1742130716163 -60.092071533203125 3312
1742130718880 -59.018375396728516 3313
1742130721687 -45.6182746887207 3314
1742130727522 -64.06629180908203 3316
1742130730405 -65.41233825683594 3317
1742130733240 -54.150779724121094 3318
1742130735977 -58.1727180480957 3319
1742130738648 -50.3509521484375 3320
1742130741453 -58.66569306722724 3321
1742130744228 -56.6463623046875 3322
